32
0,0
0,2571780925016065172484229039309/14633480341790794529021928686157
0,25921/141411
0,59251293909786435847294385/310445729295262628699788461
0,9713760863/11160863175
0,27464192018005872322240810114/27564153824820395557776182745
0,1
99961806814523235535372631/6712638511382804788643335260,1
264993216581046919/10172873364983481108,25921/141411
264993216581046919/5086436682491740554,0
180887789/1538551680,1
10223109316039/71938345425628,1
3822725396/25997422473,25921/141411
7645450792/25997422473,0
67673/141411,0
67673/141411,25921/141411
67673/141411,4147069113/6951576212
67673/141411,1
365678/551529,0
21059689282/25997422473,25921/141411
8290907188486656259/10172873364983481108,1
430558897/512850560,1
97657687875925/107907518138442,0
3157191361132000123/3390957788327827036,25921/141411
134178611922446842183217/142406994746861378293980,1
1,0
1,92006402244493011472703119/563401508721032178010727207
1,25921/141411
1,16197143667319748927065699104385/79671170749749881324674945069077
1,3061954421/3720287725
1,576538442065171045444622/584766824889585581555385
1,1
20
4 14 18 19 15
4 18 22 23 19
3 26 27 23
4 22 25 26 23
4 13 14 15 12
4 9 13 12 8
3 8 2 1
4 0 9 8 1
3 16 15 19
5 20 17 16 19 23
3 27 28 23
5 28 29 21 20 23
3 30 31 24
4 29 30 24 21
3 12 15 16
5 17 11 8 12 16
3 3 2 8
5 11 10 4 3 8
3 7 6 5
4 10 7 5 4
155187534888620286129378072675806/248866273151651907918958736149985,126017265325787193451727222926141/746598819454955723756876208449955
178387207047089594981596766/310445729295262628699788461,0
427436257566149645373800431947154/746598819454955723756876208449955,5418109242233682324217316467682/746598819454955723756876208449955
178387207047089594981596766/310445729295262628699788461,0
1364058676642177099994378745675094074/1785615509863102439318528931876142375,5493366645771614143351855109123402092/8417901689354625785358779250273242625
5943525330619747958569143274/9188051274940131852592060915,1014555681895529072781027391/1450744938148441871461904355
253974660882002/390439086380895,54637115534642/78087817276179
871343336307560194919652499/1342527702276560957728667052,7267027532379273435293442/10170664411186067861580811
118157348400959/215815036276884,0
972429358026175217/1695478894163913518,25921/141411
5581484853941965146311915417937158413/8122995155669918274474813147935510400,274104043357269680251575466281358159/338458131486246594769783881163979600
6750249826485348493/10172873364983481108,115490/141411
368690/551529,0
21201665926/25997422473,25921/141411
2030561186095411/2618338700008825,951454212927323/2618338700008825
33138305707/55547419225,53928728728/166642257675
1,182839/442428
1,115490/141411
21201665926/25997422473,25921/141411
368690/551529,0
6750249826485348493/10172873364983481108,115490/141411
5581484853941965146311915417937158413/8122995155669918274474813147935510400,274104043357269680251575466281358159/338458131486246594769783881163979600
972429358026175217/1695478894163913518,25921/141411
118157348400959/215815036276884,0
871343336307560194919652499/1342527702276560957728667052,7267027532379273435293442/10170664411186067861580811
3509740232509482287975120483/5279637506664656382861843905,828057620200437103254328071/5279637506664656382861843905
348899663336166360353693917/563401508721032178010727207,0
458189528919687186810515976541249/746598819454955723756876208449955,4779639479285621522548917515214/248866273151651907918958736149985
348899663336166360353693917/563401508721032178010727207,0
4242242821671159361385379531649219447/5356846529589307317955586795628427125,1670129853144039606583266500949561564/2805967229784875261786259750091080875
17659383818952299510921566747/27564153824820395557776182745,951152983228241817367295291/1450744938148441871461904355
255608336529677/390439086380895,51303970088242/78087817276179
