105
0,0
0,461466789356240396525/33382764336245791837986
0,658676779409273832818/1724110165206177318355
0,45917771813395173250656138764699041/85697044122695839808671089863213135
0,494406177829763082877226125494848646228346353992/804255699197497613523576501563207858079357578245
0,35580138149397646496456650499146266096599558/54804944468844232614961923020057842172840605
0,74717677346273920734876343845583579754768541514288110683533/105923486427225292296740113037750269486696241372921630307500
0,2675947385267245676801549415868535239620733438218387338253323978889324598/3538834852096700291910406646293194935175586469986938375047779380004448225
0,3747141994432777/4732942387856987
0,269085666456592794795453001808320336679718689729214814391342373820737165220441252347334/312363273444068234666852415522293007254254780619235169460579668443775909473557866852007
0,19057993829335142273428140911770927253371579759608202205502425985021046504/22072030758582228650333096421942756572080570035954853421150298736320342287
0,841256256303693434029554485233704417203447855485077699156132850/973183539771347759383667795558834798423773408383605576816399843
0,210236402840102604157751780624351300903066513656419472732738832728030621801/242918381156030324893956984692321769117807468425222990714243210426451794420
0,13027272443026808497068858459760564094911156729104621464515544899438126115671204990486498/15013038813195916624544516939189597053281727334904486294678303523732625127180898705665725
0,1
11389486/459430325,255216251/14198889297
316838267458113842849779841263365467046953973179515647393627231/12462125844339010881286510713559434069965488898649552840662399575,152434663069394003653844939023065457763836696946947715269269322764812/223774785573887179073182531569972647483961450790468525909324890281425
65719443263437109368884880428014430820387164936629261423504/1599021933486369452973022506557159263156468683689405029659575,0
1985766370169108127475658479429032958370570605799864830162758624294499011509693715179227/29718775124628216193119889351744424183403015904068814753806281226410107805303959710227675,1
71466046928696258656622751673296623378624720211723963933749683969562430711/1031019725898403744191170544595127162305373192646663127454927574462886505950,100572459202441614365727213449555321015121710885929258942648703079727046389226663/135817259512322623626047087010060696217649116040537580442765064311570502315299450
75781763662938827217911887430086486585166066050251/1061925397026677389308708525285769585083131613817375,3564677551378652663281712013502107609807700872542301652/4823741188817973764518120094635162524571931400681952625
662594153136817477980863022470588192591563561001683644679440027881363732787/9060486380291046209208926766830231970304443454581300773101605971821544451500,880455819441896695592729048417872354722918089418128191416950300993189390386581721/1193546931362119808185301131921313287680174640715449332141447656274023872140546500
718809294049501474071930448593853378632178128152481199328562918765983839790504247/6354885398806522087058453044639080887604228199939345952070599039673584546778755875,669600487220594554958936398716267427593204549907264560444405174702976574152865039128376/837135408470181961050297078023350764404992585006209981612212082095240965931712290169625
585/4321,0
585/4321,51259654439629175/1404673343133777612
585/4321,73786667121176983/267437887900898818
585/4321,5138969641/8441981135
585/4321,3273683455830312/4732942387856987
585/4321,3431642717952016025024952755360648621138108990197028455718141040629193662377115499498271/4712748381507440203557305109566361123670699469341414649151906922043688520139573660733875
585/4321,115803423130489469758336969977674228980078291253896141505433611482786351736/148183845204214927735543642531440904209178916265724782400155972582342223375
585/4321,61306682485510661137228518051129174843299701942113893046012274/73654488638345435390169042773043081123212777454594260352974495
585/4321,120674761178162677339708979439442192709716838997851209703654995/139026219967335394197666827936976399774824772626229368116628549
585/4321,3234974456943553463368029480085819770473297463625127390484205762617265089239/3400857336184424548515397785692504767649304557953121869999404945970325121880
585/4321,1
1001907187460248778614575004363268731642514534177774473877315552980855762091269503/6354885398806522087058453044639080887604228199939345952070599039673584546778755875,669600487220594554958936398716267427593204549907264560444405174702976574152865039128376/837135408470181961050297078023350764404992585006209981612212082095240965931712290169625
1790719678138471590469598518189298732947940915244583863890076053357054922213/9060486380291046209208926766830231970304443454581300773101605971821544451500,880455819441896695592729048417872354722918089418128191416950300993189390386581721/1193546931362119808185301131921313287680174640715449332141447656274023872140546500
211756471588441072224622010876868018054330344078499/1061925397026677389308708525285769585083131613817375,3564677551378652663281712013502107609807700872542301652/4823741188817973764518120094635162524571931400681952625
207703839509890267773293827168707259957937796658582876872143688426081450789/1031019725898403744191170544595127162305373192646663127454927574462886505950,100572459202441614365727213449555321015121710885929258942648703079727046389226663/135817259512322623626047087010060696217649116040537580442765064311570502315299450
6061205834370353327268676290656821310220387183545312967095595699912820158174553649080523/29718775124628216193119889351744424183403015904068814753806281226410107805303959710227675,1
367248772931668713352345467332197635343248187971633613999246/1599021933486369452973022506557159263156468683689405029659575,0
3057539709370546821604100634289640286681262183131518100251595519/12462125844339010881286510713559434069965488898649552840662399575,152434663069394003653844939023065457763836696946947715269269322764812/223774785573887179073182531569972647483961450790468525909324890281425
113010764/459430325,255216251/14198889297
1438278145573609115180179717823352561508162162969452944974480023314663952/5278924422499519613254670482737346782165605792807091645781040815668047875,4207680301734070035598655697670944865557186947037365732940403041900765874670888/4867785951701989527215556981530314002730201916845896927132676013821373302351375
2363572166589243747408594804842855260348261172994819313918115382123550302312315863091384/8634898777838820095651529533499738401300046422461439108846279414129023210648791363950075,903044691943228043782872491250502821784111320775321912374099146528902301107419722874830258653/1137483850903485610020271636977454039341656415277267835247429233502630356561975935164507329825
38737067955580126471827523998897456014768037415600998670308512720850412058365627014565389074464087113/137344116816232809741057175665065447099462590692999882562167292926473009319960004445571590718862330000,1
728081365781286926077300596155883517313813392149924/2449433942833082642737449577949023672173334824728075,27089580609793592799078731364888118399523329396943685802/43982989915308977750648753885165672576831664107843932925
26462431923973464229164163742691556637950842681306620422448366217357218304638154833852645554471942683/87365964272516575062805544177826341008488737365781891999974877118730810162994676071412048201602260900,9384844745323144976851780114840622976078040286063903104926322364515010763615471309078938654992030559537111/11508805839582880949598437140089241727389229861931814415048690537727528353581451673563180521645267430617900
4968931394323345357848720065553329994156279030426263182535988552/15312227485023926535643501359350338837424176829247337537408192375,1677054377002864373545368427351760664543782469806440170478404992599409/2017095038829686866466854077568579485392724237893581021140318589751125
14543350484579658595912529946388726387049325490184197172193/42681845415065315572067490174990540165474665829861849832525,1004508877403536833082035688760063320604115809211034748030351/1301208557827347624536917969970302903619102801303756385162775
145560544/411968461,0
38611002527827440403798379172915206388667393044398601271121777907672633799669235726404019623712038162205921785895373350461242729/108434611232845593373063437730381672604589535578115964744832795753042246491648967768392360128512312631971128504860137265122845750,12209370497551290653972098852220195083529702522654473018355016586210646724877153044575034699290086271674426997612002079708356488935443/14284199772313982860627019715660908113875184111240794151801569017344008172591410173098093992089055455322188729073730742071897593493250
366011792009027778200289927170595155410078942094137087995745102907136066525956443824626868509513549449544698320222/1005006715443712138110975703040950629621884999338143326003518356696662467776867445764483377196239828106106063231625,1
745139815046941728432926517373224563612984383070156524446158480318493790809162603786249657100167662142998534235035074107/2040749605296863568548319090930982009260800792025631839726105686371590180569424366434372339508751033869805517262549925375,268101312566442767949939286575888849106505539029209804525195443478933739193201185224835444643271366248039184852729624284835519/268829986255361134748438622167429191061934549134328507878959628171415946076590841214766302655827282442703350594512964219574125
4075366925033907174759078204487120852714477760137524519616748951024086565620052943306590022362668604230418941785512635540891962776472/10382839052429900595787923939492072030048323933995508738762110918922153219763959091515100448200915164316029866777250720329486961982875,1256285393338271616571536886955578898930316336582750214356644307643723858303837835766494596142790948372280633683187792824583573742880324349/1367741771215643235383739008473230140590295760149162361665871633460534165792726095084375697141954755510514930380434014639723646988966106625
1112517543652816666175612602486386700069981875845224962976414329688031169960503804164987215094530507144/2762656604581324593642170275518611636791063036355082371508744357315695131518748465510939788624869550125,323602562456601687928410124948004018647543123631778840532142907921576104673314991047185312595452485279224123/363927517178102470045076732564342229526123524842091355881218402933553835370096254110221609295342690707516375
43545073874905416422877455908299536914537583017871443721389744138378402528420971390919173431902817535172899660260472/101805334614845701455944681434570115656524373214864627459178718605549696391329376047175550068131747227700544733000875,1591955377126540982791493684372439164284180796969233583995177664664482150065390967490647807075505841341905433113998322441/1828056240826964320530526674590090865162860817054561140767638805551885187592487320353046546023782046122832180026223244125
20587629829196432930138307099723203359/48055136930452673204812537965809323150,194539972467602412289890503896885639848931/431448377935482131952386195144399729379425
239277286/555166401,1957676614/17212631115
699352645926802025960732121163686773293014035421518021726211123191296834005002680924992312/1494491376824987085465567234460548341926233785926458172792364822702673918847887825242161375,184548974662913243542760349846795413012343595205494800966834780169685833392134188493736638574329/196870843560532373755464637362722493630284702853878261560111010459445938003751111106975160090125
679008346636338228824029018293409057579338754997462863180154158821581011097594601318031562898748932076728430819169873257791891/1429181008785520497078975138880420820966566483826216625110221791334476597414320680687075934242589845846426333051879608574197500,1
9904724172067875966896066540833345035758732589853659674121175585676607530859384959576311956952069122162/20009863909403421511969906915189261889799422510281881445672432751666949409443196759327039754513169383375,295182233058470006642319156897386551468548857770747688838404530328906482634768251003266511992195371619897136/359304910062630740153866766679144927462403099057496909757002202189075473166861391369223362954905131253961625
12883877781940892126641766612354661150284805877897003862272094526966239521378493521382312757537582370491/25991133647959890248030630704610630450548415181179197663846397655411588691228831517679340630905345446750,3279745708608890652790988069886232343433901178825006009017664747516611432375676989111499113418154126695900797/3423838026579404302263323013349062959881193280231916887456149809545023989884265204655417220649792061045824250
10082744461549549937576/20209010488515640734205,0
7507352262402529449219787013747876874626703914403710620957706480679111800466275220286506549231167257937351592267249/14826942797514299383503820720957041083796326053536123388800073025794202409752280165725243446040642700884510109333875,5658924992160195537661787804710465295310526930853436726023345473676604145268293411476118869962687020172830714290601964474/5859504004978068516265025422177175937028721482075101210390067259282688232917232855533456133171139710890652203637982062875
135961951335307684909391317776197673482512083410857990378558133983826913317410101922620913520891253546421031877378275491560703240462950303289/266510674999427460249445395462090925134818713906222687152127911079630221251871466685364023978751132876417940308361572179755985695075761084125,1
518893292868856533450976493408138057635264949599316183419497933449509186474836410619210114475730480093919712425910702610591815467/1006148375383807235878803673508857144218596796506175776838861433369279642442719322118756630397581158254785352249633503653651258500,128923526264684902243648628597847293566437820183260853597569928710590247352330824096349859750490206505406987907369395971509550024504839/132540931637684310989550686714995260465059974600555041258760055479168576578621859022025929678903763558061129237196471069799133933463500
80804296276181689810537166387651510196639614816925172093143590425625869307990584841731826444967632665124104071342076677280046287811135891256/151793349181229878398990938670823022486088334517625774946912584177116996779499269425500346881592570838490009700363134111423666707412986218625,19695533351164011342019659963670623258202875834894462348674863181076373170869442754503140050871110984853687849427679999502059878231645942408059927/19995889680992593111377475342046187575114902394341360959531741626235799102760218260690586195059070949125127467838536019631951039034220087565689875
570638952004042817883966399420734438807822445564348813599459466071042085389478503897419728268831394434811193759082588498964004271973689827219120964542584/1061463629262166897633509305865256666032018067072124599205041412428670854543609799176699852843220461389230022787425789081048395573993612203289171498542875,1
17394457235662260/31474066850788481,1
5270929494110282450879045392896592630936/9280336629441507018922768363597240105475,275298841314053408924628950229244472/2147728912159571168461645073732293475
1734068114452285091643786258311237063/2875494327342944061794924960511313875,3979494143409557945861498704786115880588/17211165375726349727403917004101308190375
9568275339387791013950675192128661476169944376745304701821784051347225823344969877754/15776163571454373393889328712028615579472634421354953235935477236524992584804525912695,0
4587825983649915281178016736875101211605448676519320362706322557342365552/7354944966772110055996494855756958666332080041622975970637241287542398875,21004496798810425808485239910623471241884610836165031507265434506934669749763/604733595663494531343235614345409078878771711037331349165673437453557318099625
9883028591110061227132735193967486827472386097227636357587072318527755353301041671040590392/15334005512616174943132972139279919242214639810637140890756528254031930718644609905506316735,0
130529719156557567976927294373983713928210124526908976161819709554259194299756344714954261/196285503624139044532652253397802978383303555237139920884133415203645568439699307245990875,4912619626589210332105412155417012643337625920014765499499772351717446461591081840066281110941/7049157909877273881032098792636789938276813614432690063732840445644413259680901338496614908250
1016801064224569076202331178971448369932132428859703963620066/1504353510179452127095942124355770412318097817262218825120725,198424504792504441868545965512824285838464180561254068922878702/1421724082326528963848355036215878212852889528011768060544162225
1576809948067794176658293532246339925369912214222469466236438083296/2216666537523022621783680774745355766100728321483698019057882305975,1854106292342050764289920503560401918846746853171450111730476/7656694095559080166571726330435380719985106824649138083216925
556332737066345893262964150951111957999227034312499763150834964111030757/738132253966773713097843977842822567801138318903251828073897988408381485,0
4819233341920565594285404313874265913826361700598069766449282022/6372031321701832755055821497592329499006649028592116059129131225,2242205157153259522400205341372449639804519761009177087510922139074/6022035593430277262287436027002867362703770279738372890103986842725
2153209268623809725863522264240048453633634569735303599092500217036077018918252588470623004632560085586/2822595761773863417267862320556052911680584565590766779393287635115825851625464116397294015800170582915,19725006990313933806767983164532275199415842354816907194089865845193819909741637839085637659001266/653227438503555523551923702975249458847624291967314690903329700327661618057270103308792875676966115
3335479050311895511924655661536313769557141787601560345280208373347168416226427/4312252880303176433249617374384409894374802472460174381999372977629638406903075,68505278829222805093005875232394299080835704146344771938999306876695168825077044/4075394332198970094094090658804909440794376357206477245306628431659344319919513575
3363776905642499429878661468692288472306668658313436472816366588663325121440118466564785297255001064083302049055089995395496/4288126747205466271135195427473263534423559661357283568473317655641451778163082172177299348855292880212858772941372863534305,0
369014668730681787795806627469052408929124095656434424053473358766509188139962767847279058185250350097339529829613138171664693884/470214436034604922720523455474754388596794494742371739554230697949857324899913650723718152785135799263634064466371224860322953355,1158069213693314407414729482777603132137023230131733371620940934191459190689208315584948463176969281036439452831212280622834097886/444387029407894184985377351239872941747645082896118611506542301833050755209003998803070954760634215032800543238325846443955401995055
15976000848744648897357704050618962411259638181/20303714835513648290544806571041617457221902855,0
1387492313556009778318207191763233324203278264794166723407709745565039212348236455353942622306081532/1756774677919012318474103117366465371377081233923342340720077538354775245241444860212583325977371375,24080135585462009024171413290247645138353812157839260891853694846572671403985402980422152025345647706133/144444407476619431479307538463782362649861132794724096102965622020578520122642764281219696057934463757125
81862805827914109536384695526310782128218653996101931539163169024141568307724802825424832766416887138249512233959682438243438568913994056330998654936/100899551112903164048898251597527250249917704988164816284591911173244309959534963441762701910537600930149937595674680694335298645459035006714932970755,0
29442001663206159505267213789563429577081955762702276072402284217317524968130967211310793000710843771920400826064833889979826454436056140548790712871307/35930271993324190917170758488541918681168827167781763900002049937217786396918265200133571051914404523535437609011589706200110082239790421811929655943410,1
445974068747209352042712049613582062970460711272547226978132355380283120389776596800098608722260035667451509262837116323380059438956564343223805213890635661256698283/540659433174589799585068244070478912622499882490373229091542021453373230132684561142874224121927943565225103195309164496675295823260862788264884027657132721139880790,1
11511879648893655393265969907547230475271953788696916734444720073251457760371399960949205258316020772543495847758/13914604403821906715876798030198874652163185139943467247788739943607105234360342354757441868040240735744098509275,7599736938621602785601680228053026422907382771786433801987213502040197464799670789918599406686334468767446167715586/13150318753602353946138431131867615519770276508161693914504099409129954864256697528528379962111334765834177519667775
2656729372703750636330903226443638213515127266686923590757194386508057813332722667932285858614097187660902799613929463105219233534677964896721/3206982761384379906668016178753869647551247940108308314028079134143851984112506530005645930720724940536643070410183189770089258358251342978750,28693597527474940932708210403371944972361159490036398698391680049430493376903878547565651149397414661513409486645365751979771346439464769403770469/28792915780654508961679302790370043450241466972073831789108096926096195094719322847461043193099467750120268360741965147358775393040243660365535625
33475731836121215266495076893205962817841156915554588869675755995800291673858694327909524456073528253915871/38450465396288854581789568864349366675951152074249797855032116745929026807502087091875265435444465446804225,59793625768515698566173175534489166774629632204754365151866611831939722352042633334142950588348525479251997/671979945583464277389127767266884233719307382559372306137608268499323394676076743538544907341593208211263100
74495120968497044355339133582803662751616650018744434836704558834925852284995503785061487840261852147925284457877354581791769831956222434/83451008953746855122743208855813842908140408453768115488211286427231033774795517825196965939984661169761406756226819049065388400550455825,60500595409091367338182634522304732341752256156902995489087716389298565321079734445226960696966658689380900029802352756829915004049861804478/78867306335354509636055694288206807115042714308429334936983196052467648834949141198232276585846725623043053940185134946708033571205803051325
3479068146899908808323832740836337015553769857572161449493406175449269715067527938650572526464772656623269922516288822/3797404490176935355873595866034284078951516197430451101281215991014676331371857234717721894000864032378587444970822635,0
14134867463675937690270302030608355602238949248225001834698813169266544195577651463044/15231262324692462117270119513290355419360925393391854444198941360899500149478497191895,0
8737325102436157468411210851119396404688442794162512186580864089893943137877728169983824211204587391210654816976187806357913937304788505561462058811166906905862838/9147553189697923395425301154975475778951918713561698874176779122611191867677269861312467631397867315541474799007910594960881076235316089940574009881089048143580775,8195354769361817493665804651446495046138206745919554560751238192538266633560452514502071520305059915880145394323175790816496602929872821193557861207315751131730789946/8645106735985885570674816186028305113388236826137949730668738719884642997813197759573509113654673973536545827167656373091540517625592950512107012674153664297862349275
103500656595905218888219183790890024265274326239771383606270946158242811023137401/106359065087892038246734813940026347025716292622048794367775984169034585912483905,1
1,0
1,365464953672174808999939160893999939040658715055617536500042730544318651300281909617/2952269024778531489493496650189286561541909716424429202707822447468167182997299197370
1,1685871895206254993245917696812176385558114146223950454658479405736560212978364556490347012072977/9107135386122210952521373929133696177555674400096943136791580291499161974926263438209961602236195
1,98617300076843428833988904777818693859242306498047905850276413458489582723421141244340061883308725809641138241/454865533231721508946916952806446341298365387388024274374528990265118779209585399982938420247862780309104460010
1,26006276368990183617782548478204425753270560985797339916060725110059869600664931493239/65515312756111095402052401223161624477749707578944926390218067594624219337639657872355
1,10077710195582516827554723565016761754974602479584230064607521940019445693989962266888/17609778909431749776580565736696013693672500239489188176969941453200026806372218157575
1,1664000667409253859133252230581440536155910052736121219305221283812204866299951558271083169818900336523827729993/2221186465007027201255977371759543733474896137887595037817625795682506967612147892874282442227986390438000244975
1,14275788113847812192192019624006856750834834345935860972935308896074754411731511903321849206100389346595631977767697119590366833897386031/15282217982570617248687493950779213275171330111961977384351715246586106183950544977198344200080200776677760128542021495229305857431795950
1,1
92
4 23 39 41 24
3 39 49 41
3 25 24 41
3 49 62 57
5 49 57 26 25 41
4 79 80 90 84
4 76 75 79 84
4 98 99 84 90
5 99 100 78 76 84
4 101 102 91 88
4 103 104 95 94
4 102 103 94 91
4 100 101 88 78
5 85 92 90 80 82
3 83 85 82
5 92 93 97 98 90
3 93 96 97
3 70 75 76
5 48 56 70 76 78
5 65 63 74 88 91
4 95 87 89 94
3 87 86 89
5 66 65 91 94 89
4 86 68 66 89
4 63 61 60 74
4 61 58 55 60
3 58 54 55
4 48 78 88 74
3 48 74 60
3 48 60 55
4 54 50 48 55
3 50 47 48
3 45 56 48
3 40 45 48
4 37 36 40 48
3 43 37 48
3 46 43 48
3 47 46 48
5 73 77 80 79 72
4 79 75 69 72
3 71 73 72
5 62 71 72 69 57
4 77 81 82 80
3 81 83 82
3 75 70 69
5 70 56 26 57 69
3 56 45 26
3 45 40 26
4 40 36 35 26
3 35 27 26
4 38 33 32 42
4 64 59 63 65
4 67 64 65 66
3 68 67 66
5 59 51 52 61 63
4 52 53 58 61
3 53 54 58
3 44 38 42
4 51 44 42 52
3 42 53 52
4 42 50 54 53
3 42 47 50
3 32 31 42
4 31 30 34 42
4 34 36 37 42
3 37 43 42
3 43 46 42
3 46 47 42
3 30 29 34
5 29 28 35 36 34
3 28 27 35
4 17 23 24 15
4 0 17 15 1
3 24 25 15
5 25 26 2 1 15
3 6 5 16
5 20 19 7 6 16
3 19 8 7
3 26 3 2
3 26 4 3
4 26 16 5 4
4 26 21 20 16
3 26 27 21
5 32 33 18 13 12
3 18 14 13
4 31 32 12 11
5 30 31 11 10 22
5 10 9 19 20 22
3 9 8 19
3 29 30 22
5 28 29 22 20 21
3 27 28 21
148357587859969190563582737738887510825165/1060543527333016896522010734219286940833129,-1998223173027603260619772087609921190032449083/4817464117210539613646241242394513379409962631
585/4321,-14283045720043892499373/33382764336245791837986
585/4321,-780597413621687/13088112632608705
0,8641160809777613931075085781/650545764646862468277558736085
20007721513036470926446428825/287948858353906497944846381857,309598800565931617324988849263176405015247/6105288043038446633849105385696668651109895
316838267458113842849779841263365467046953973179515647393627231/7785663859268099584828954497604383807275175615831944977140189175,247119026608554598890897692541266655636719860548916395964760197/7785663859268099584828954497604383807275175615831944977140189175
0,56664032766316233068945439469368053856451701539494907/804089291261929935222082220872461831206748915387582500
1677494730119775146986284447160007557805939777151654843889864017/45609678643703855719948178160069126506771181287252043474661060775,2833431534852356848979249088390561448988609967835060600724152566521/26864100721141571019049476936280715512488225778191453606575364796475
2832774351634208147297400229660923408773231870984867136980371097865815521932447442626/947016476394238354219709508414479592879663498639125716646476373869089271453526575281125,89420566729055378547995209341450622511270639031666815736682819997583581229704008491107/947016476394238354219709508414479592879663498639125716646476373869089271453526575281125
2944693806783914473503299292385941063752960915820832055222019165926189386753182/1693729068242252526885701139455692755118140000776664834617405754604762245320050855,1946157250539974640754517549634757928756512372708195654743380856943918440741485224/11856103477695767688199907976189849285826980005436653842321840282233335717240355985
0,138336869468559542931731084147171513733933695195819726283651252335272/837769042920126190886469260156787566027759981931164775988578950145385
2944693806783914473503299292385941063752960915820832055222019165926189386753182/3405215711644142773170808164039605681420361768619281141560268790501049430188227175,3947596464549874911287380007875650532687870783032941715052533414268402394995848488/23836509981508999412195657148277239769942532380334967990921881533507346011317590225
0,1521926113120597877195515148994285825037185965019650566272290412369751/9220243570459129775601680116765293253592831923587575844495343177629100
156068771759547467095674862496454876378906928538504098926767015794088037497918646/81405281613916220092160305791941787502462959336529346572497326932117210327869992125,93367261041557444382298273894799298053450008806094673063083209849368132854128156484/569836971297413540645122140543592512517240715355705426007481288524820472295089944875
1548311492957495738886793721617527038519198926637827506750139028655683776867546662489767426449987113/137686931618100804875857657100421184513363188343288418198193381306257781152105026642854346212050161375,4393445839090112690668780799631665622214101966227102795437145453803649085745952916417961774113176516/137686931618100804875857657100421184513363188343288418198193381306257781152105026642854346212050161375
11759/106325,-45670/107787
0,93115141041158294412391202142103241267/2632432614429010256729894970844271177495
37387047921555629361161917431612112511616085508296410051/370058304440261386941222519453172706122765258895951175575,-1397048217884988970752661315574100682735639117420639/3480444904211252169679967265019258933672845134220091
11575072726598192396111986595696429754277273139296443948435067022731019149103148230285201/148593875623141080965599446758722120917015079520344073769031406132050539026519798551138375,5441681408308541930707835329816271570332463742777111442815413621425812836722969446120797/148593875623141080965599446758722120917015079520344073769031406132050539026519798551138375
15097423526973268372761428779213735840230565028461630998970462388783204361/206203945179680748838234108919025432461074638529332625490985514892577301190,9167850013095077096187069039608656579762306301086157621331187830539239451/206203945179680748838234108919025432461074638529332625490985514892577301190
10077743520400713160764886551156598202227677148004567833487223783632271492/137053427584779544202735548704597489311874065626742321191508266633227508375,5747325374636823859023876847550824331456467783256574849694442704450033531/137053427584779544202735548704597489311874065626742321191508266633227508375
26606476832818550933792423239986401543871442904401641404897806972558343247/362419455211641848368357070673209278812177738183252030924064238872861778060,3198669122717842528681591981287685377021641449047229835749452589923465805/72483891042328369673671414134641855762435547636650406184812847774572355612
0,93115141041158294412391202142103241267/2632432614429010256729894970844271177495
1083008023600721969383154685843632882847381034993438022867077454964700/7722694508703079398814471362121286343897371975416281172956956185538239,-2437684848251968122246894929211269360316568070019345211823049190474159/7722694508703079398814471362121286343897371975416281172956956185538239
134957286611381663411856645208468979075/778189918812742505432075570452868578389,-110997340594440362019055396249352930953312057/335515027116276305732028518049613381835260572
0,-336560146161/2030181869878
0,10706/64085
2291793606688058469899345596322011157757318524185550756788066478318725749402484436171/312471707714512743747431196942301205784082051246969258643696024093912664804084363606875,606883958548659990993275343975936295950356624494445766600885527612594627980885192357306/7186849277433793106190917529672927733033887178680292948805008554159991290493940362958125
1471187336737700618273477335923900522465738585403585716785724359914748948311232757/35775545479100896550981204952261511137626674581847967821939459368286041403614742625,3513154943036058124688019341001235908883702739738512114375699959002407448365910429/35775545479100896550981204952261511137626674581847967821939459368286041403614742625
0,72279885468029661011059265675178024638152767931717266617364212909773/1124897292241119612965388879849396908921809720306721898415376582447125
70774473352686826135661138942353838252584101506323318637188158553717980575191314/1804044028553299278700573608448597627719862639494812041125056497622747904373017125,57496564434666738476757002693845105793795614567232329715580952302000442673555573/1804044028553299278700573608448597627719862639494812041125056497622747904373017125
239401300510336557045585836380959617004979564683106147903657333154660417366928807/3405215711644142773170808164039605681420361768619281141560268790501049430188227175,167998640576512833359842317059670585270634570030725562825055878812843572908679159/3405215711644142773170808164039605681420361768619281141560268790501049430188227175
0,619629528800191215324124854373983863532652599536906425080095253655889/129083409986427816858423521634714105550299646930226061822934804486807400
165882879240871085147368305606684997176007094327994479515199183353060032641/4025788490913715299093774206461834160017175650976555155465894183233717484975,-85756644153634589826298599349357805323537493559423119651804557260452048747/4025788490913715299093774206461834160017175650976555155465894183233717484975
0,93115141041158294412391202142103241267/2632432614429010256729894970844271177495
26606476832818550933792423239986401543871442904401641404897806972558343247/362419455211641848368357070673209278812177738183252030924064238872861778060,3198669122717842528681591981287685377021641449047229835749452589923465805/72483891042328369673671414134641855762435547636650406184812847774572355612
10077743520400713160764886551156598202227677148004567833487223783632271492/137053427584779544202735548704597489311874065626742321191508266633227508375,5747325374636823859023876847550824331456467783256574849694442704450033531/137053427584779544202735548704597489311874065626742321191508266633227508375
15097423526973268372761428779213735840230565028461630998970462388783204361/206203945179680748838234108919025432461074638529332625490985514892577301190,9167850013095077096187069039608656579762306301086157621331187830539239451/206203945179680748838234108919025432461074638529332625490985514892577301190
11575072726598192396111986595696429754277273139296443948435067022731019149103148230285201/148593875623141080965599446758722120917015079520344073769031406132050539026519798551138375,5441681408308541930707835329816271570332463742777111442815413621425812836722969446120797/148593875623141080965599446758722120917015079520344073769031406132050539026519798551138375
37387047921555629361161917431612112511616085508296410051/370058304440261386941222519453172706122765258895951175575,-1397048217884988970752661315574100682735639117420639/3480444904211252169679967265019258933672845134220091
0,93115141041158294412391202142103241267/2632432614429010256729894970844271177495
11759/106325,-45670/107787
0,10706/64085
0,1291966189528510395359025129496934113741637702816573524352775523/13381085718953579103260200302574678957133811027388347714559453255
0,4273316124164975661506556685342721965796178468434398469306088690449678699870625132648158846059029353/137344116816232809741057175665065447099462590692999882562167292926473009319960004445571590718862330000
72973337813304322528821/878447006638983000244855,2893149244753402510419617/103481057382072197428843919
800163446929583223756355725298327999532219946508466442945434506605509831133/27077363312003419398990405786671037323489635287539526834659053934568480472612,15918317068040259949589063249267422397247995498676129702165506644030537906271/135386816560017096994952028933355186617448176437697634173295269672842402363060
12595193506930457710797835050755177777573431086861175317716389723488593013289507295286400527347309559930845189507784410666864641273604091/2311627231188741688084081901011698581135072336604027649404825118141844799063458191791423923201938396056996291307859926136850896471906959375,244305058983682068213813800117426470738699353035509966268142631715630584699057659882590059541479538142585868183761300915280504822941572062/2311627231188741688084081901011698581135072336604027649404825118141844799063458191791423923201938396056996291307859926136850896471906959375
0,10706/64085
20779/95341,-58183/131731
37438827131677710649281147185683713450760654417009032782239039880425155254079281877673416085567071258868981469547823142531973/867476889862764746984507501843053380836716284624927717958662366024337971933191742147138881028098501055769028038881098120982766,411146429064540216969071963631631058650267151667610025819943897753797013716058088283458212596156696200373736612198244916586443/4337384449313823734922537509215266904183581423124638589793311830121689859665958710735694405140492505278845140194405490604913830
4844132201431926205913616074338108959990378757964162473965073712027214217633668352884723992955499747718492087553/59118042084924243418292688414173566448346176431655489764912844511568380457462790927322551599778813418006239013625,1017906838757283172856084866007475275723321877104203272661554335360170555111742706777420070610160573272434606936/40200268617748485524439028121638025184875399973525733040140734267866498711074697830579335087849593124244242529265
72973337813304322528821/878447006638983000244855,2893149244753402510419617/103481057382072197428843919
0,93115141041158294412391202142103241267/2632432614429010256729894970844271177495
2204399522949005309648016760666030373448979393778330202333843030218670341215816323392995340409962821741695775715458451009632/71310387331867839478887740090438699945425330936040675332916323568713077303836759919601322393469277297216048344110706072943825,2719152413994668439989892014872784092911244423818608121687537248664269359158735791105942374605256151673638171705400644800021/71310387331867839478887740090438699945425330936040675332916323568713077303836759919601322393469277297216048344110706072943825
0,93115141041158294412391202142103241267/2632432614429010256729894970844271177495
0,-336560146161/2030181869878
37981/128481,-42851/130665
0,4364801815205212539226772142635918407934783022289476144035008064830564609369376332828867816881422285903226729719/38576187416415144951969818320835748561708873594174836696893429354647541465005045835156001859423029950191706748075
0,143022742089433286012317601498365951446193773728707778720048649302030055101175944104501662046665580703679740138125788071950579/1429181008785520497078975138880420820966566483826216625110221791334476597414320680687075934242589845846426333051879608574197500
72973337813304322528821/878447006638983000244855,2893149244753402510419617/103481057382072197428843919
8819094034833185901172669442582860425788179219302482838908888786028487095161735591908937612182645764612908618450373388839597/670889680808247941171005195671249415749264782144787446606749266767830620995036140749703308976973002736430469748972989188210550,97310944599334569399016084740883476674072542988725720295132760020796038904322820885357785790786077620909821904555972337704439/670889680808247941171005195671249415749264782144787446606749266767830620995036140749703308976973002736430469748972989188210550
9036005123642871562027471528306995602008661644920440167/54776382427897221154588897632487525853194664380132890865,-78293377718069619737254779733371572897407299475475/255803032796587298454661300733124084587735140822999
0,260495997141160665829833830143483502318687433848579256726199259435525324829662420156427503582735127122545081933033/1779233135701715926020458486514844930055559126424334806656008763095304289170273619887029213524877124106141213120065
