103
0,0
0,5/41
0,3281/13120
0,2481/6560
0,6643/13120
0,2081/3280
0,2041/2952
0,2001/2624
0,5843/6560
0,1
1/82,209/328
9/328,0
13/328,169/328
77/1312,1
11/164,129/328
13/164,149/164
31/328,89/328
35/328,129/164
5/41,49/328
11/82,109/164
49/328,9/328
2041/13120,0
53/328,89/164
2451/13120,1
31/164,69/164
33/164,307/328
71/328,49/164
75/328,267/328
10/41,29/164
21/82,227/328
89/328,9/164
93/328,187/328
1861/6560,0
51/164,147/328
1033/3280,1
53/164,79/82
111/328,107/328
115/328,69/82
15/41,67/328
31/82,59/82
129/328,27/328
133/328,49/82
5403/13120,0
71/164,39/82
5813/13120,1
73/164,325/328
151/328,29/82
155/328,285/328
239/492,1
20/41,19/82
1/2,245/328
169/328,9/82
173/328,5/8
1771/3280,0
91/164,165/328
3747/6560,1
191/328,125/328
195/328,147/164
881/1476,0
25/41,85/328
51/82,127/164
209/328,45/328
213/328,107/164
109/164,5/328
1753/2624,0
111/164,87/164
1835/2624,1
231/328,67/164
235/328,303/328
30/41,47/164
61/82,263/328
249/328,27/164
253/328,223/328
129/164,7/164
5223/6560,0
131/164,183/328
271/328,143/328
1357/1640,1
275/328,39/41
35/41,103/328
71/82,34/41
289/328,63/328
293/328,29/41
149/164,23/328
151/164,24/41
12127/13120,0
311/328,19/41
12537/13120,1
315/328,321/328
40/41,14/41
81/82,281/328
1,0
1,119/1312
1,2871/13120
1,86/369
1,569/1640
1,6233/13120
1,3957/6560
1,1919/2624
1,2369/2952
1,2819/3280
1,12957/13120
1,1
83
3 11 21 20
4 32 42 40 30
5 53 58 63 61 51
4 73 83 81 71
4 83 92 93 81
4 63 73 71 61
4 42 53 51 40
4 21 32 30 20
3 58 64 63
4 74 85 83 73
4 85 91 92 83
4 64 74 73 63
3 0 11 1
4 11 20 18 1
4 30 40 38 28
4 51 61 59 49
4 71 81 79 69
3 94 95 89
5 81 93 94 89 79
4 61 71 69 59
4 40 51 49 38
4 20 30 28 18
4 3 2 16 14
4 5 4 12 10
3 6 5 10
4 4 3 14 12
4 2 1 18 16
4 33 24 26 36
4 54 43 46 56
4 75 65 67 76
4 96 97 84 86
4 84 75 76 86
4 65 54 56 67
4 43 33 36 46
4 19 22 31 29
4 15 17 27 25
4 23 13 15 25
4 17 19 29 27
4 22 24 33 31
4 50 39 41 52
4 70 60 62 72
5 98 99 90 80 82
3 99 100 90
4 80 70 72 82
4 60 50 52 62
4 35 37 47 45
4 44 34 35 45
4 37 39 50 47
4 66 55 57 68
4 87 77 78 88
4 101 102 87 88
4 77 66 68 78
4 68 57 60 70
4 88 78 80 90
4 100 101 88 90
4 78 68 70 80
5 55 48 45 47 57
3 48 44 45
4 47 50 60 57
4 52 41 43 54
4 72 62 65 75
4 97 98 82 84
4 82 72 75 84
4 62 52 54 65
4 29 31 41 39
4 25 27 37 35
4 34 23 25 35
4 27 29 39 37
4 31 33 43 41
4 36 26 28 38
4 56 46 49 59
4 76 67 69 79
4 95 96 86 89
4 86 76 79 89
4 67 56 59 69
4 46 36 38 49
4 14 16 26 24
4 10 12 22 19
4 8 7 17 15
4 13 9 8 15
5 7 6 10 19 17
4 12 14 24 22
4 16 18 28 26
1137485855/551368,1089297215/68921
676655/328,648010/41
676673/328,207361681/13120
676673/328,103681681/6560
676691/328,207361843/13120
676691/328,51840881/3280
676699/328,46656641/2952
676699/328,41472383/2624
676681/328,103681717/6560
676681/328,2592025/164
676695/328,5184089/328
2063,15805
84588/41,5184049/328
2706647/1312,2592025/164
676695/328,5184089/328
676655/328,648010/41
84588/41,5184049/328
2063,15805
676695/328,5184089/328
676655/328,648010/41
84588/41,5184049/328
27068079/13120,2592029/164
2063,15805
27067989/13120,1296017/82
676655/328,648010/41
676695/328,5184089/328
2063,15805
84588/41,5184049/328
676655/328,648010/41
676695/328,5184089/328
2063,15805
84588/41,5184049/328
13533199/6560,2592029/164
676695/328,5184089/328
6766577/3280,1296017/82
676655/328,648010/41
84588/41,5184049/328
2063,15805
676695/328,5184089/328
676655/328,648010/41
84588/41,5184049/328
2063,15805
27067917/13120,1296019/82
676655/328,648010/41
27067827/13120,2592043/164
676695/328,5184089/328
2063,15805
84588/41,5184049/328
2030045/984,2592043/164
676655/328,648010/41
676695/328,5184089/328
2063,15805
84588/41,5184049/328
6766559/3280,1296019/82
676695/328,5184089/328
13533127/6560,2592037/164
84588/41,5184049/328
2063,15805
6090055/2952,1296021/82
676695/328,5184089/328
676655/328,648010/41
84588/41,5184049/328
2063,15805
676695/328,5184089/328
5413569/2624,1296021/82
676655/328,648010/41
5413587/2624,2592037/164
2063,15805
84588/41,5184049/328
676655/328,648010/41
676695/328,5184089/328
2063,15805
84588/41,5184049/328
676655/328,648010/41
13533163/6560,2592033/164
676695/328,5184089/328
84588/41,5184049/328
1691651/820,648007/41
2063,15805
676695/328,5184089/328
676655/328,648010/41
84588/41,5184049/328
2063,15805
676695/328,5184089/328
676655/328,648010/41
27068007/13120,2592033/164
2063,15805
27068097/13120,648007/41
84588/41,5184049/328
676655/328,648010/41
676695/328,5184089/328
1137495285/551368,1089299634/68921
676665/328,20736329/1312
676665/328,207361609/13120
676663/328,5832050/369
676663/328,25920409/1640
676681/328,207361753/13120
676681/328,103681717/6560
676699/328,41472383/2624
676699/328,46656641/2952
676691/328,51840881/3280
676691/328,207361843/13120
1137514637/551368,4357193821/275684
