50
0,0
0,1/16
0,81/256
0,73/128
0,583/1008
0,139/144
0,1
1/520,601/1040
1/63,0
5/112,1
1/16,9/16
9/112,0
55/504,1
8/65,569/1040
1655/10864,1
1207/7280,63/65
25/144,1
23/112,1
5/21,1
2825/10864,1
3275/10752,1
7025/16128,1
1/2,0
1/2,1/16
1/2,65/144
1/2,53105/59408
1/2,28665/29704
1/2,1
9103/16128,1
7477/10752,1
8039/10864,1
16/21,1
89/112,1
119/144,1
6073/7280,63/65
9209/10864,1
57/65,569/1040
449/504,1
103/112,0
15/16,9/16
107/112,1
62/63,0
519/520,601/1040
1,0
1,1/16
1,81/256
1,73/128
1,583/1008
1,139/144
1,1
36
4 22 38 44 23
3 41 43 44
3 38 41 44
3 44 24 23
5 37 35 34 39 42
3 35 33 34
5 47 48 40 37 42
3 48 49 40
4 45 46 42 39
3 46 47 42
5 39 34 32 31 36
3 34 33 32
4 31 30 24 36
3 28 27 26
4 29 28 26 25
4 30 29 25 24
4 44 45 39 36
3 44 36 24
4 11 22 23 1
3 0 8 1
3 8 11 1
3 23 24 1
5 14 12 7 10 15
3 16 14 15
5 12 9 5 4 7
3 9 6 5
4 3 2 10 7
3 4 3 7
5 18 17 15 10 13
3 17 16 15
4 24 19 18 13
3 26 27 21
4 25 26 21 20
4 24 25 20 19
4 13 10 2 1
3 24 13 1
-457/1040,-64/65
-1/2,-1
-65/256,-15/16
-1/128,-1
0,-503/504
-3/8,-65/72
-3/8,-15/16
0,-1
-439/1008,-1
-47/112,-15/16
0,-15/16
-47/112,-15/16
-439/1008,-1
0,-1
-4847/10864,-1487/1552
-47/112,-15/16
-4001/9360,-1007/1040
-3343/7280,-1007/1040
-157/336,-1
-5135/10864,-1519/1552
-4661/10752,-1
-5135/16128,-15/16
0,-15/16
0,-1
0,-11/18
-784/3713,-1
-910/3713,-15/16
-1106/4225,-65453/67600
-5135/16128,-15/16
-4661/10752,-1
-5135/10864,-1519/1552
-157/336,-1
-3343/7280,-1007/1040
-4001/9360,-1007/1040
-47/112,-15/16
-4847/10864,-1487/1552
0,-1
-439/1008,-1
-47/112,-15/16
0,-15/16
-47/112,-15/16
-439/1008,-1
0,-1
-457/1040,-64/65
-1/2,-1
-65/256,-15/16
-1/128,-1
0,-503/504
-3/8,-65/72
-3/8,-15/16
