42
0,0
0,2575/15708
0,1/3
0,7897/15708
0,1
25723/1697955,1/3
5265875/66932117,0
4931485/55700568,1
5441745/42730667,14066093/18313143
15973495/66932117,1
13305/55279,1/3
987550875/2332266244,1
2375/5236,1
1881375/4047428,2219/2319
1926875/4047428,1
1415/2618,0
2955/5411,50/2319
2955/5411,1496/2319
3285/5236,1/3
515/819,0
5/7,0
5/7,445429/1564437
5/7,1/3
5/7,597529/1564437
5/7,773/1122
5/7,2219/2319
5/7,1
655/819,0
4195/5236,1/3
4775/5411,50/2319
4775/5411,1496/2319
2325/2618,0
3855165/4047428,1
3900665/4047428,2219/2319
5105/5236,1
1,0
1,205/3927
1,1/3
1,2413/3927
1,445943/476133
1,742424318/746421585
1,1
35
4 36 37 28 29
4 31 35 36 29
3 28 22 21
5 20 27 29 28 21
3 27 31 29
4 37 38 30 28
3 39 40 33
4 40 41 34 33
4 38 39 33 30
3 23 22 28
4 24 23 28 30
4 32 26 25 33
3 34 32 33
4 25 24 30 33
3 10 5 1
3 5 2 1
4 16 18 10 1
3 0 6 1
4 6 15 16 1
3 21 22 18
5 19 20 21 18 16
3 15 19 16
3 3 5 10
3 3 2 5
4 3 10 18 17
3 9 7 8
4 7 4 3 8
4 11 9 8 13
3 12 11 13
4 8 3 17 13
3 22 23 18
4 23 24 17 18
4 25 26 14 13
3 14 12 13
4 24 25 13 17
1154310545/1317757063,645142436/564753027
5/7,6123/5236
1161426185/1317757063,225405665/188251009
5/7,6123/5236
1587537185/1317757063,614067877/564753027
1153527496/1312519215,15154087/12500183
57761030/66932117,30542524/28685193
66289925/55700568,1
52790/55279,1
77998170/66932117,32932243/28685193
52790/55279,1
3093967225/2332266244,1413587/1336287
3170134508425/2418455605412,1430212651/1385669751
7025/5236,1
5384825/4047428,2419/2319
2562055/2023714,2992/2319
6820/5411,1014/773
6820/5411,1014/773
7025/5236,1
745580/633087,2992/2319
4613930/4182703,2238016/1792587
647730/521479,1
5294610/4182703,622879/597529
647730/521479,1
5910/5411,366561/289102
5910/5411,1
5910/5411,2419/2319
745580/633087,2992/2319
7025/5236,1
6820/5411,1014/773
6820/5411,1014/773
2562055/2023714,2992/2319
5384825/4047428,2419/2319
7025/5236,1
3170134508425/2418455605412,1430212651/1385669751
4886832/4182703,15504092/12548109
8/7,1677/1309
8/7,1
8/7,1677/1309
206344/158711,1
5085104/3827803,261412506/248807195
3308810143552/2499286340887,1128390689603/1071122717523
