172
0,0
0,1119526830967561/4034862042945000
0,1119526830967561/2982920814827118
0,263905475490009345589606537/615713311215008672092630000
0,256256929512996876564468361/551609631909327637333545009
0,292812604619550680092571955758261551661/594655021887976910913395064505904835000
0,54998348980087391916704897748303089161/106506484515472160426209395944060264306
0,84805737615293139672461175655485230708740557163711/157343475833489709730588472191996823744094123780000
0,21828533540730142391477214504524481184889021659922/38828721514282562245730720957344290338357189967909
0,6870522450988890983455246605979402668138083008780177901218587/11681759129406019740796123531677066398949844612357754711575000
0,9723784336917339050529917909308046177047057286324395858453805/15678026086187890698297773457124457971048842727003232688518718
0,4161206936959858382131302614141388651433224360421164961904151868549027811/6257254677090357982645862477773397242831186119092662450351587219137670000
0,289359934517402881907639828047933887426770285966942469439908737789671561/391209823470777987980524327477404132001331184983681886474959621488423603
0,876071046530147/1134897301827275
0,37129369420450600146253385648458225216767999193788725831092288318639358442781744/45112745846892912494238179751875286520862828547094194335125031020357843444102595
0,113981496847155743849873812667850345011117399691533242525525353575682945059629670491821/130128440215101987522624573988459880484217190008112679472870862150955728039441488868875
0,1862300298588380705228010371716939291050661433967390130994595944595196664091501925574615822/2029086363390834444539762137922873213074676830321877639365660557372255984559001718092659085
0,35323568806631556942550698537191731826274108879747858217774239934805327081952624352329677470792871/37006007083745598208531891460635678664014186389338248110469128760618133259000135425665907509823875
0,240352216316/248221363405
0,36472937022085561916251670251447778216540913539773588766517691170892504028401631916221752184672129/37141120983876213007999057110838851486740834157469063061932370658541667563094475275750328701594875
0,1
7204753862836548/968392495783435525,1
153785746322923361069/10459986367967060649350,4086505596431640257506/5229993183983530324675
1061215472569770154565931176776785270580244652297426381613666588077763198323684/39319171673526933905938796051018451696694388719010603940215966336407415938249825,9184405514121556053991046316941886273538613012985759958128227089783035463/11486170491875797733372905577721983742196758482698256425749769245337271959
1230625973693684445864523668812895256762410667884528443372447014556483817266916/34170336157844577124949137534880838717452373001528423478575311040875034600811425,55551291797921070988736870156210369272398828502946642331464047342762947457/69874415741208684883081923285886894775220843518283162371198427566842256737
5853538901290313683698712779295792576770841391154928266133703811495396011923960668269556/160753125709596501097197784799919851240839555428705584904922814117512055181375961285815925,5265581295274520390638590439982599879277023089072832334523486554782039822657580533/6708605970839373267599222726600716387599213154400544394559470755220437800804222533
1121993764295989730443290732831728114849292076978706333701402593308600424573774748392/19716996276820642867453807822449454485476350395926824495482505855712864110166684020225,34030321239714566712196230170067004548983973327318738823886328916186388736763945/40318994482532882505912392663870874669958285150916260918117695119294236716255169
2149424267908923519516021208317062668161080503474689151934480409685887093697691685860120135820350343504587952/34190117534153077322965383308685064930283371890977427021349861552189812079846989438466911010537705241311924475,1
157196769994307450041/2091997273593412129870,4555886543318334124594/5229993183983530324675
222096652145095328116535300343867354028687086942995775933171497716037241073649180916/2805102728508233729155499025186608235452471552221837504788038868091072666807199265175,35845686930909566596807401703096614763801450148022589336455229930277881442118673/40152791983145311802236068046227202388768060662650912598571181589157013787946209
1529773903558685666538984548876054265848971503905040993134646690877650274997248415208/18739119578472374839249631655249142196475596490701496688245720019610409048238557321025,734527938070525838705421784750576204223688962340462970321515843678250486901035/891147648012115937348027893910837877289081215979184813077075291942339422331267
876312520539014460743592192976255096356795382566526936371051824274241374889622197554043056/9846529921670291303506359449876500423865491053273084665272495046802014346568470832912223425,19035235171743614660659862025512356388113622637305839362596805395574738781503492581833/20135023611615543793275107509588467714054477896371524288681550118709706756440817612417
7196225277497910896804604090470615625443688490257026941499823754616279839845816550386988198728/80611280609388389916917235487740576658614084812577140495810280637829481156981448437057934309525,130804082668181176828660709219485361961215354069920937546724622569480841463684080494082429/164840817155336414123853045320260879624996850493486305395041727187422894856053266064225621
6108935400953885570384427790208403304345103628650144500606424827603332012/68423738734512852853262135302018327684713988785442373999185633440747136225,124821852261464600376776472312896984321475745034454789608659371272737/139918692775446762135396217579915807340553118522452582177159927285409
217388241418943450233844131746096102090236844/2423943424307503727065193019929077837680441575,4902346430327945039476733400715200794951/4956686108700994278544436419260933158183
220885289689982779176628254068610424342835091678056023737338261954922550155740585270331891744242097144/2455659264699222068552521987897683017755791083065247491341075192192622263089134625238988052306833717825,4956938385748215074185694525468856985999027136444795809677907726696925635181406815474939595501865/5021541362300949989371753975558883528972529181668109997118910469183829585581789530676321358431233
215544318818679683972764303388458405027780026326055240611003935735582817590317530992730781725264584944/2383325115897352359403404402984272284957408893225102679479541794960589345864198835191576591555040047825,4828805156186894225401258137018497281397836141036195176928224900747188122166020534502137674214585/4873626329732329347995305767566632145508734508921021787187857052217349513550838577151631494412433
468782801708030051916896903677438166412/5047335790842971520830692293689397074975,9972152897874117351914175236049023/10321222413665909760913434474084959
526109046626117344613380353684927749764416991075334626612210475615545433029812/5617024524789561986562685150145493099527769817001514848602280905201059419749975,70994072167287130270008949462054825475003164200820523937227901093765176689/80403193443130584133610339044053886195377309378887794980248384717360903713
587680113191587172900573096727954264365916/6227497538383590693639295761562920465880175,1
49186589533535465731078006714271233903511780847430910706262525233670925334497683205676/516834480037639477144715466219684954574070650003985017771821841948424182413460337559425,2089016225788219543895377467515847667969474248646381773713498760933641385135826505/2113734390011306076968316410079995724447914319325126599956328784616018332042166914
53868/489025,0
53868/489025,4489/8436
53868/489025,540670222990909362731/678447740970092781131
53868/489025,1955274107/2320734731
53868/489025,21025985001619912239463204676175721437303261034920059187010038539934755599/24361558749850121898890058946644356158509389384987291130715996365693973275
53868/489025,1035579089305787/1158958679518283
53868/489025,230214358657/249393368449
53868/489025,1108707028365875885833606391433680281631930493256055121176026188033653/1179968106995919737869643420331860668959106713334806792109865841992772
53868/489025,621/643
53868/489025,122103859829/123798855562
53868/489025,1
64676054587593570023051261663917975781048467705975008980184993736024750175949764117676/516834480037639477144715466219684954574070650003985017771821841948424182413460337559425,2089016225788219543895377467515847667969474248646381773713498760933641385135826505/2113734390011306076968316410079995724447914319325126599956328784616018332042166914
784285890172851305643311506651715076285516/6227497538383590693639295761562920465880175,1
711365017486613599989283001636527890684892980816644727672366663800110898745012/5617024524789561986562685150145493099527769817001514848602280905201059419749975,70994072167287130270008949462054825475003164200820523937227901093765176689/80403193443130584133610339044053886195377309378887794980248384717360903713
643184416250680402084872872822578976412/5047335790842971520830692293689397074975,9972152897874117351914175236049023/10321222413665909760913434474084959
309520687441362550662857958786100275800748994727059962653467031642105549601595613955277388956753296744/2383325115897352359403404402984272284957408893225102679479541794960589345864198835191576591555040047825,4828805156186894225401258137018497281397836141036195176928224900747188122166020534502137674214585/4873626329732329347995305767566632145508734508921021787187857052217349513550838577151631494412433
320115490518872368878327032242201451534549312238139474912264676353066514076499091606612266127705221344/2455659264699222068552521987897683017755791083065247491341075192192622263089134625238988052306833717825,4956938385748215074185694525468856985999027136444795809677907726696925635181406815474939595501865/5021541362300949989371753975558883528972529181668109997118910469183829585581789530676321358431233
316625293188066869359419270319399792639766844/2423943424307503727065193019929077837680441575,4902346430327945039476733400715200794951/4956686108700994278544436419260933158183
8965344883901646795034619106981406115296727148484806892832077098417492012/68423738734512852853262135302018327684713988785442373999185633440747136225,124821852261464600376776472312896984321475745034454789608659371272737/139918692775446762135396217579915807340553118522452582177159927285409
10563064999549413015242827600153010501834972194509213656540391765647913160365938122308423305328/80611280609388389916917235487740576658614084812577140495810280637829481156981448437057934309525,130804082668181176828660709219485361961215354069920937546724622569480841463684080494082429/164840817155336414123853045320260879624996850493486305395041727187422894856053266064225621
1292954383281997765368694789676768061284577848076955604394343659315067592222285728737314856/9846529921670291303506359449876500423865491053273084665272495046802014346568470832912223425,19035235171743614660659862025512356388113622637305839362596805395574738781503492581833/20135023611615543793275107509588467714054477896371524288681550118709706756440817612417
2598599465709347206384482177794201004698536013138497572797240006188444565186850989808/18739119578472374839249631655249142196475596490701496688245720019610409048238557321025,734527938070525838705421784750576204223688962340462970321515843678250486901035/891147648012115937348027893910837877289081215979184813077075291942339422331267
395889233154353716501422560660180342622215167850055469741066333668165621420375500916/2805102728508233729155499025186608235452471552221837504788038868091072666807199265175,35845686930909566596807401703096614763801450148022589336455229930277881442118673/40152791983145311802236068046227202388768060662650912598571181589157013787946209
1518432266462794831219/10459986367967060649350,4555886543318334124594/5229993183983530324675
5382923776995766298932930350692178485826976045876252165119144014805134007952316502152090128749539154737795352/34190117534153077322965383308685064930283371890977427021349861552189812079846989438466911010537705241311924475,1
3221813425274172899213686803203064438593333732040407952572925408063683462288692138992/19716996276820642867453807822449454485476350395926824495482505855712864110166684020225,34030321239714566712196230170067004548983973327318738823886328916186388736763945/40318994482532882505912392663870874669958285150916260918117695119294236716255169
29561621369552871515846710344683891679214211200567427227586994111441629246540781553679556/160753125709596501097197784799919851240839555428705584904922814117512055181375961285815925,5265581295274520390638590439982599879277023089072832334523486554782039822657580533/6708605970839373267599222726600716387599213154400544394559470755220437800804222533
6297364080601174428699190418315415238740782129401226337850986777784833554550516/34170336157844577124949137534880838717452373001528423478575311040875034600811425,55551291797921070988736870156210369272398828502946642331464047342762947457/69874415741208684883081923285886894775220843518283162371198427566842256737
7601102976219346457652712310473404212564925150946429098378373387831831124100084/39319171673526933905938796051018451696694388719010603940215966336407415938249825,9184405514121556053991046316941886273538613012985759958128227089783035463/11486170491875797733372905577721983742196758482698256425749769245337271959
430126074022281744071/2091997273593412129870,4086505596431640257506/5229993183983530324675
206139623062114548/968392495783435525,1
107736/489025,0
75343103240463695432761385020369382536548464482001436757154961472692043864476699672/323229447160994145368095210204089417794694268785685647466926325503489575576503016725,504810231896038701928140963609342819145171069916800027585125637589609676461821/660967122664473483703481846948702863441939100834692801936355657693348142889429
25616108619546391446200062955800293191570448677560597691938727971796217923892/92082369258845278468240740166319559008651964213139587682004605003296056061475,968595432404101559300610701802482378952075859763226362631125906487344101/1318085138411976789075579328591047314678316547194881884922104667497719733
13296213241886376657172210299843167561216990006278053318632826776387927206780889513660945052/46141830099736445645646487055105737606566320443722315271071018767262429686595306810410666225,1
39198896240145732/121959592005772225,10906330752/249393368449
401108267750207894161351842839008362567384398244543401167146359934343872/1231783681838846467349936576474924434185230761452220961897105018722976725,41265203727627587111513923837798634128029558435325076363682409447/58578052524486738198809761543789644757555352140042346334464995903
270437233424828058769392445046881332728949251259289574154183376499168460687349018460952/802947871885347456771283138085638076702849031075758462898952561992489016834617576380725,1
38094826565459268/111936615978009025,0
158801391691548169192708917216479413773719581220585979309697917831399792002379732/444770459654141380330028374361756029089151727017767658623606274734976631537450225,1
2029489699114711425376583820692942343947381224557289916942954527437344642352/5501713525790501595486303802848474050326030936702743190450863675403720700725,1
955065845710283554939148693727851153772551369815054329337875670406412/2531822425963429659065623571806324040477626856285133766622302913834225,1
854037067067490935235319887405472014087320219497355323071958599444/2246128069460352830738553827363413534349191353891899323128626790325,3074901991639699072322808210102891594917055405053162724088501/4593074115761674414883807223277774212666410416424312301270133
10589780591580090628332696427951127652435335793441442860847783752/27585060242626292475508637213135611448664481955251030628313020725,1
4476466807243905445057771182242222517695686094967301825092/11484231621348805931691844709060164906340325842324379818225,1
2050993223309355516631/5229993183983530324675,124771326625783883/128336829830381604
45315002892129760546779281678833590879328077511885152/114580847202913211941703975919362758663143030553340725,1
17593093736904414906605061823010239132253435772/43822046945277824620400999460283705531775402225,1
163274685321450571776691412152578920946552/399849917788106766421118598343029641660725,1
57519843242175236283335586602038452/137905012018340397740645496940586225,1
105371194800/249393368449,21812661504/249393368449
473195132763643750330258967952/1100831465335152920724777980725,1
215472/489025,0
1740955216232785801092481129439614904644665812642580065268072/3869557087658483710742648169595324383031288924413990206936725,4944013308386610571074350695858954815761918391976510621/7912800138353834079531001829344766388285443329919718229
140508373962185144433132/310467882114927715370225,1
15145325776799992893111664668/30415913464985267444195529025,10432797529409340480000/62197052226338668665601
857785210309949352/1673797895162300725,1
64963470508680732/121959592005772225,0
64963470508680732/121959592005772225,21812661504/249393368449
64963470508680732/121959592005772225,7712830965749145236352/57085526734906855995649
486153482546843038446368682338020068195465695107573092/881276864332296792589748872895742973384715904075021475,7059490938259889755519761807593801415879158592901/12614770308933239707843652390512143169966793780533
17439623626631237941318899336/30415913464985267444195529025,15425661931498290472704/62197052226338668665601
4632739369326621277970957575358144434932/7585527113485971064067060116530298732225,5454424852768200035787537159821952/15511532362324975336776361365022849
76189653130918536/121959592005772225,0
76189653130918536/121959592005772225,43625323008/249393368449
78397792480291464/121959592005772225,21812661504/249393368449
5436395503986893089568955973010061250542404308807202771/8424136217774751439952135407978104059142011019064906050,1434345228593337930227960488036416339061992561600/2871065289018881597720680745012389979769954166987
10052967144675451405121584065448800/15511532362324975336776361365022849,7061791915884533917102379270327808/15511532362324975336776361365022849
4564069490108630532584232116427207310068/6962127550023842819789503542057485049025,20865595058818680960000/62197052226338668665601
3852265087314274829432336768083689027904853/5831811270201242380256171645910183899955150,6814985930231057591679821381852336976/13912948857900481114391970935831940187
111073433342407013250571783145171/165028476044407183844061486466050,27099703958312769547606752/56244048887891615576593387
20514706780787200460092519668/30415913464985267444195529025,18145628495158485716352/62197052226338668665601
2551486873675697797839276/3715251758362855134324925,1915579442294452736426786/3715251758362855134324925
21570839740284366815563879668/30415913464985267444195529025,13152764093069535723648/62197052226338668665601
22028219326293728037733368672/30415913464985267444195529025,25411390735676190458112/62197052226338668665601
20239359125614751575187545332/27916249711537825253272252225,0
90728044777215732/121959592005772225,10906330752/249393368449
90728044777215732/121959592005772225,32718992256/249393368449
123435972321360905684391002133971/165028476044407183844061486466050,24399859209400046477560800/56244048887891615576593387
5661477754401520812/7439535112352105725,3466363550214405794/7439535112352105725
21295492085111917930658905332/27916249711537825253272252225,21812661504/249393368449
2843260526173410418041936/3715251758362855134324925,4503965869624708274/7597263449440938877
48238413036027121269600/62197052226338668665601,20865595058818680960000/62197052226338668665601
24140485245288060748676088672/30415913464985267444195529025,15425661931498290472704/62197052226338668665601
1360108073904486777731254799952/1702891232403807340449607385725,278015515005991348860734/497459590118474030819227
135798511300314798118210221122771/165028476044407183844061486466050,21700014460487323407514848/56244048887891615576593387
6277689472361693172/7439535112352105725,4985100665191528898/7439535112352105725
210742389600/249393368449,0
210742389600/249393368449,43625323008/249393368449
6296376327375619152/7439535112352105725,8518624017458/15212995475389
6315063182389545132/7439535112352105725,3346539555083268002/7439535112352105725
33886147512123762260254229/39832371310972250128663950,34968394082702674032/95028065769236661691
105266436423512928/121959592005772225,21812661504/249393368449
6585795331341779352/7439535112352105725,11746780272338/15212995475389
26940220744271574382544734668/30415913464985267444195529025,4097741606008465062918771178098048/14236751802103865487019075797878401
26940220744271574382544734668/30415913464985267444195529025,20865595058818680960000/62197052226338668665601
26940220744271574382544734668/30415913464985267444195529025,49877146930219825474053597771707/144342859267485021340561665688331
3324694553290298206083336/3715251758362855134324925,2657174623607561234/7597263449440938877
40773551909384119863285598978606538003/45231375524483711168935463605297027650,20865595058818680960000/62197052226338668665601
27996353703768740738016094668/30415913464985267444195529025,15872730656729730967296/62197052226338668665601
13758246500461/14893281804300,1
6875214335307939552/7439535112352105725,14974936527218/15212995475389
6893901190321865532/7439535112352105725,6503837780168652002/7439535112352105725
226093907365170463473519245736/243270176057686762921372483675,2626428678061082899611218/3482217130829318215734589
6931274900349717492/7439535112352105725,4865276670060391106/7439535112352105725
3469228377937970846841936/3715251758362855134324925,4269293260200849074/7597263449440938877
3477026589565595226201516/3715251758362855134324925,1745897161047971541227042/3715251758362855134324925
113975375728675914351249886977688248/121487423031976365595592968739909275,642841291304865785042385961874/1738994859616245711710343604477
74936162006798426453/79761573171775035150,59196146910576/190287140126587
116492619045750732/121959592005772225,0
116492619045750732/121959592005772225,21812661504/249393368449
116492619045750732/121959592005772225,43625323008/249393368449
116492619045750732/121959592005772225,12705695367838095229056/57085526734906855995649
79149602630438507990411107751400381203/82414065737244636761437397910740107650,8361879517232375549196779341536/28087884306270857577641701314091
3613762202585643487600536/3715251758362855134324925,5881411896794136914/7597263449440938877
3649556667971176477750536/3715251758362855134324925,2672326679858007314/7597263449440938877
1,0
1,21812661504/249393368449
1,43625323008/249393368449
1,7912090656/32699647543
1,309057796633553/1134897301827275
1,118481439906718618839974028449/343848962104836852010678681980
1,275768337413191689626433475402/697565620698732141150402612875
1,1674317259116531696463361/3654345991832316525565500
1,838160855876215289/1487520136018957980
1,4854891571031492473/7248798748349281500
1,1109535717580435001085686/1552339410574638576851125
1,531093675910879460823953/675080379877687471708860
1,6459851502116562673/7248798748349281500
1,2937198695273/2978656360860
1,1
177
3 41 72 42
4 79 93 91 76
4 105 100 99 106
4 129 118 121 133
4 159 160 153 152
3 153 129 152
4 158 159 152 151
4 152 129 133 151
3 118 106 121
4 124 114 118 129
5 160 161 154 140 153
3 140 129 153
4 154 149 135 140
4 135 124 129 140
4 114 105 106 118
3 100 91 99
4 98 104 106 99
4 128 133 121 117
4 150 157 158 151
4 128 150 151 133
3 121 106 117
3 116 128 117
4 104 116 117 106
4 93 98 99 91
3 72 79 76
3 76 91 42
4 100 105 102 96
4 115 109 112 123
3 132 126 123
4 126 119 115 123
3 109 102 112
4 114 124 123 112
3 139 137 136
4 137 132 123 136
4 135 149 139 136
4 124 135 136 123
4 105 114 112 102
3 91 100 96
3 96 102 42
4 109 115 108 103
3 111 110 108
4 115 119 111 108
3 102 109 103
3 103 108 42
3 108 110 107
3 101 94 42
3 83 77 42
3 74 73 42
3 67 60 42
3 60 43 42
4 73 70 67 42
3 77 74 42
3 94 83 42
4 108 107 101 42
3 102 103 42
3 91 96 42
4 68 62 60 67
4 62 44 43 60
3 70 68 67
3 72 76 42
4 169 170 142 143
5 166 167 155 144 145
4 164 165 146 147
4 161 162 156 154
3 162 163 156
4 148 149 154 156
5 163 164 147 148 156
4 165 166 145 146
3 155 143 144
3 167 168 155
4 168 169 143 155
4 170 171 141 142
3 143 142 86
4 145 144 134 127
4 131 130 125 120
3 126 132 131
4 119 126 131 120
3 130 127 125
4 147 146 130 131
3 137 139 138
4 132 137 138 131
4 139 149 148 138
4 148 147 131 138
4 146 145 127 130
3 144 143 134
3 127 134 86
4 120 125 122 113
3 110 111 113
4 111 119 120 113
3 125 127 122
3 113 122 86
3 107 110 113
3 94 101 86
3 77 83 86
3 73 74 86
3 66 69 86
3 86 61 63
3 86 55 61
4 64 66 86 63
4 69 70 73 86
3 74 77 86
3 83 94 86
4 101 107 113 86
3 122 127 86
5 48 47 59 63 61
4 49 48 61 55
3 59 64 63
3 134 143 86
4 62 68 69 66
3 46 45 54
6 45 44 62 66 64 54
3 68 70 69
4 47 46 54 59
3 54 64 59
4 141 97 86 142
3 95 92 86
3 90 89 86
3 88 87 86
3 85 84 86
3 82 81 86
3 80 78 86
5 75 71 58 57 86
3 57 55 86
3 78 75 86
3 81 80 86
3 84 82 86
3 87 85 86
3 89 88 86
3 92 90 86
3 58 52 57
5 52 50 49 55 57
3 97 95 86
4 71 65 56 58
3 65 53 56
3 52 58 56
5 53 51 50 52 56
3 0 41 42
3 42 2 1
3 42 4 3
3 42 6 5
3 42 8 7
3 42 10 9
3 42 12 11
3 42 32 25
3 42 43 32
5 42 25 22 13 12
3 42 11 10
3 42 9 8
3 42 7 6
3 42 5 4
3 42 3 2
4 30 24 25 32
4 43 44 30 32
3 24 22 25
3 0 42 1
4 15 14 23 26
4 17 16 29 31
4 37 18 17 31
5 16 15 26 28 29
4 14 13 22 23
5 47 48 31 29 33
4 48 49 37 31
3 29 28 33
4 26 23 24 30
3 45 46 38
6 44 45 38 28 26 30
3 23 22 24
4 46 47 33 38
3 33 28 38
5 34 21 20 19 35
4 19 18 37 35
3 40 34 35
5 49 50 40 35 37
4 27 21 34 36
3 39 27 36
3 36 34 40
5 50 51 39 36 40
435157/489025,0
1,1027521024743689/4034862042945000
110799500663393181/115277607987263425,1027521024743689/2982920814827118
1,234568448837310280159846537/615713311215008672092630000
124554216058599017637116496857/127904646867927429040795091525,223724208499466981957535625/551609631909327637333545009
1,246799076561598144590668292278003564589/594655021887976910913395064505904835000
36208758764876102732418452624270649562843/37044333990169824503859921658281700392775,45069469546353737229258952494222191113/106506484515472160426209395944060264306
1,66360699174546748503143692397594053707267528043711/157343475833489709730588472191996823744094123780000
2931678129315924323122205062170693957416933121359519/3001140435992102102452736813049674661405899292564675,16320309350711200541614786714862013175759010431250/38828721514282562245730720957344290338357189967909
1,4772527189003128033185732067064235051954748278283673396475163/11681759129406019740796123531677066398949844612357754711575000
1765703156524304179047521890512870484659421428820731106497426143/1817673472450932491402339655019034627617866361918623960526995275,6177227720802227305825066479980440443592325867426288922162989/15678026086187890698297773457124457971048842727003232688518718
1,2249549144760945004038768182956158754339051081437472572981550176121507811/6257254677090357982645862477773397242831186119092662450351587219137670000
259174629107456501624679489293500612632270303230504397467227896383255180257/272135681255757049178059614857236921268778069326664344997748405260848296525,118164919298923104616214795729079548079488192538925762077971463068895625/391209823470777987980524327477404132001331184983681886474959621488423603
131104901798012393824186386115409024528081958865521878911423763626776989549136420697099031/136366728147796387553716781337272910364396929406849080599333544119779313216905768153304075,5280456563240440547507094233956690293679029496286998210913708011259168706598735109073797/19480961163970912507673825905324701480628132772407011514190506302825616173843681164757725
1,275452997103881740572087381703330517465263437451615041916706869049478/904449587562275102903816502271876063216892721666464441217148248285775
500943640815938480737149258304639339154353987095767631720294586259744954071/521779873395922959618778495824429203983678015926394844316467858330786324875,361939344627386613559273398475934984382471529571194662016416341097833/1066979956844584550112526958385418340542258608305086333656700287982795
1,14313936792783343206363163096690882281607492627527102457872204765818996946915796/40680439420059698311993629868815221478846020105905643686870890534090906831925825
143187667979514601011265593973719322399044745722188713135974364568058410057269879756879/148384086208423728015693013863903211087480259743954424182737659257117551949313883119875,110129842768119386557726033386839103322638113873777885088848720879469630732350127/303428426375796182231364478020353174351986625927006644205792463078815095239126595
18562496211062744912775109435312160794090114454514610272889701437301197627520367149364915426419451326401/18967048668725084992755611473774240287464100528026473348125792775998243540501954302900906603689712129153,3353561262388411716802592937912743308846827025629341363576188269063943845792678293119208492140095998709335454/9275360975223284688582312900962447856577131760718146129067215812282541047393968202976115851869361473959045825
35845168737898779073644953927887789816702232643662141281292462837263976100060174163321672181081671/37141120983876213007999057110838851486740834157469063061932370658541667563094475275750328701594875,27612674345197966483471716978172391797835254281638305948385579761807704896510815042480029333/75949329755894306033431945423728544525823494008423011220146967248180906013178212311743425595
175652778483379657833853942406611993914899694937147898557214423833423677643398896927686843157/178783588713916500810581656148265147168502495281701362421230191608922519170071342139877712985,320848564463579293542378594631353614931542076362725868095626202920920499536193420836825750989/893917943569582504052908280741325735842512476408506812106150958044612595850356710699388564925
5289835853731568884044877281159851914035481854868811473517421477256729020005234993789638848520679/5394664326347558458480117824681383279711375397399767522081752948540274392319940395462073236789807,20872479971455367956906244284004838328267572058932915208018075423838691322560020108576230637560069/59341307589823143043281296071495216076825129371397442742899282433943018315519344350082805604687877
19766326133820158366917360036737680605261747819439869902761828457033191601/20207527264878859251108468990400091525094516866861917135200444252613804550,2688920997015703189479403979379134859913160588811326442786455426651086642/10103763632439429625554234495200045762547258433430958567600222126306902275
1,1420719040014355201932516092771180150868456342856488484494949/5285165145365604264209716330391290446555207260730340771748917
1,5137182130373118475384021882938022339830505324981/18416985761595905019925172466219598010055387318517
1,1420719040014355201932516092771180150868456342856488484494949/5285165145365604264209716330391290446555207260730340771748917
2509420465680078343359076780374140971936119987114514944996855464233/2650299511871899508061493310556246896678440319335488899427033448021,729739198490202086609543207491105164208560758037007349149652770429/2650299511871899508061493310556246896678440319335488899427033448021
267089706052809801097670826206219050750519383514794733405947886309466301993684490281380056487/280339717211704786604919526516819466863539717678467073540827128616670111583905846484215034811,85168258848797743373157789878859081627700614405660247580191582652149938615693075522762764939/280339717211704786604919526516819466863539717678467073540827128616670111583905846484215034811
19766326133820158366917360036737680605261747819439869902761828457033191601/20207527264878859251108468990400091525094516866861917135200444252613804550,2688920997015703189479403979379134859913160588811326442786455426651086642/10103763632439429625554234495200045762547258433430958567600222126306902275
1,1420719040014355201932516092771180150868456342856488484494949/5285165145365604264209716330391290446555207260730340771748917
9627893818191324143093559214084576017349286347940436457/10099932785775040825206813101241311445449228236955833621,3094123628709329546999038110190892427462511304652503629/10099932785775040825206813101241311445449228236955833621
2509420465680078343359076780374140971936119987114514944996855464233/2650299511871899508061493310556246896678440319335488899427033448021,729739198490202086609543207491105164208560758037007349149652770429/2650299511871899508061493310556246896678440319335488899427033448021
2509420465680078343359076780374140971936119987114514944996855464233/2650299511871899508061493310556246896678440319335488899427033448021,729739198490202086609543207491105164208560758037007349149652770429/2650299511871899508061493310556246896678440319335488899427033448021
1,5137182130373118475384021882938022339830505324981/18416985761595905019925172466219598010055387318517
148934620042581714388587823133993296348027757360317807785530022535989403888491552538315979/156979751468769946060632170255925655595804755277509470797005766237410955013746600729476979,43186382804841079871723742391811414248199426600439597073784171665537511990008786194890963/156979751468769946060632170255925655595804755277509470797005766237410955013746600729476979
2509420465680078343359076780374140971936119987114514944996855464233/2650299511871899508061493310556246896678440319335488899427033448021,729739198490202086609543207491105164208560758037007349149652770429/2650299511871899508061493310556246896678440319335488899427033448021
2509420465680078343359076780374140971936119987114514944996855464233/2650299511871899508061493310556246896678440319335488899427033448021,729739198490202086609543207491105164208560758037007349149652770429/2650299511871899508061493310556246896678440319335488899427033448021
78842273229913443999703169665630676376896034975167783001350327541216812383257343218503501700683/81520767127029347877179322981184608037118815503864805694539962767522583765943071932772030847883,21959443372585722842462944366684174733905981052590549491320372397318290697867107211086140536683/81520767127029347877179322981184608037118815503864805694539962767522583765943071932772030847883
1,1420719040014355201932516092771180150868456342856488484494949/5285165145365604264209716330391290446555207260730340771748917
357961712026748115546049585021075479758535653633946965101685659727930907605671861256667848164012790243/374265067680980251492581313837876706291448815427040795233804968241832184796983363506375234489269174899,101994872428079016954084584247979409772515297539387130641841845787626651983971363091514854885487833395/374265067680980251492581313837876706291448815427040795233804968241832184796983363506375234489269174899
528754267251899396841613784472797092470003184159889/557799768825051857263288175058553563053447046927509,313015282524439139587274548716899899389411461473757/1115599537650103714526576350117107126106894093855018
1,0
1,4489/8436
78842273229913443999703169665630676376896034975167783001350327541216812383257343218503501700683/81520767127029347877179322981184608037118815503864805694539962767522583765943071932772030847883,21959443372585722842462944366684174733905981052590549491320372397318290697867107211086140536683/81520767127029347877179322981184608037118815503864805694539962767522583765943071932772030847883
2398138393678682129799451320630975239225094411188494537745540731157258030955157610345/2430016115745055289541645887684283605783581819164312054323645794125786179856785544809,5281308969068608001096730252506403816296668895492882814819531448699605694849347279983/17010112810215387026791521213789985240485072734150184380265520558880503258997498813663
1,14373898122194866440978659814314643504261625114456516504040643428143/48782339259561351278231891409459796509981896792680896870232454931675
9554294225975941702737048817705550820264185376860903386868000325414323177/9743707825342534673828406772770833925341099634558679677507697874808081641,18497490769522000053880481879355783991402906050815373485529541720191724271/68205954777397742716798847409395837477387697441910757742553885123656571487
28442514456212407021780285282774998755313423507330582602879154877/29389810850121561229308308830319236290770923719980626145312721277,8753552509827313262719109573598591289992108004870605145943011261/29389810850121561229308308830319236290770923719980626145312721277
356121181522271556098889964324062996619475148887/374356252943138343130958428702070761915566396087,2812104207987898934855296961216975094736677115608629/9474208049484945187958295913592006842559154352169796
4593349769597044278711284126913781567231358939745238928870833798060702889787439/4712948184412074392412300283908217388431845624866708885614005885862774893566839,1342958118731528523939584480585506961613892248577246508132303789233826011530489/4712948184412074392412300283908217388431845624866708885614005885862774893566839
433702612378844550809477112335474870481336126451832008794431875903657524349017700502813/453699526868756250073910786624980557803554359404319851347146418622195588492380267771313,266239835254456002395461555624200832767227929524833035002427296158129579869082337718721/907399053737512500147821573249961115607108718808639702694292837244391176984760535542626
1714656283937953660190033977436402340578158129358482381866346669675767413064788562463477/1774115036653715282824545697441672156565088549839106054427629499564169776016681314755277,505083513958659015157600522677175464012879213317390450791781977029219997998618375175885/1774115036653715282824545697441672156565088549839106054427629499564169776016681314755277
528754267251899396841613784472797092470003184159889/557799768825051857263288175058553563053447046927509,313015282524439139587274548716899899389411461473757/1115599537650103714526576350117107126106894093855018
357961712026748115546049585021075479758535653633946965101685659727930907605671861256667848164012790243/374265067680980251492581313837876706291448815427040795233804968241832184796983363506375234489269174899,101994872428079016954084584247979409772515297539387130641841845787626651983971363091514854885487833395/374265067680980251492581313837876706291448815427040795233804968241832184796983363506375234489269174899
1,1420719040014355201932516092771180150868456342856488484494949/5285165145365604264209716330391290446555207260730340771748917
78842273229913443999703169665630676376896034975167783001350327541216812383257343218503501700683/81520767127029347877179322981184608037118815503864805694539962767522583765943071932772030847883,21959443372585722842462944366684174733905981052590549491320372397318290697867107211086140536683/81520767127029347877179322981184608037118815503864805694539962767522583765943071932772030847883
2509420465680078343359076780374140971936119987114514944996855464233/2650299511871899508061493310556246896678440319335488899427033448021,729739198490202086609543207491105164208560758037007349149652770429/2650299511871899508061493310556246896678440319335488899427033448021
2509420465680078343359076780374140971936119987114514944996855464233/2650299511871899508061493310556246896678440319335488899427033448021,729739198490202086609543207491105164208560758037007349149652770429/2650299511871899508061493310556246896678440319335488899427033448021
148934620042581714388587823133993296348027757360317807785530022535989403888491552538315979/156979751468769946060632170255925655595804755277509470797005766237410955013746600729476979,43186382804841079871723742391811414248199426600439597073784171665537511990008786194890963/156979751468769946060632170255925655595804755277509470797005766237410955013746600729476979
1,5137182130373118475384021882938022339830505324981/18416985761595905019925172466219598010055387318517
2509420465680078343359076780374140971936119987114514944996855464233/2650299511871899508061493310556246896678440319335488899427033448021,729739198490202086609543207491105164208560758037007349149652770429/2650299511871899508061493310556246896678440319335488899427033448021
2509420465680078343359076780374140971936119987114514944996855464233/2650299511871899508061493310556246896678440319335488899427033448021,729739198490202086609543207491105164208560758037007349149652770429/2650299511871899508061493310556246896678440319335488899427033448021
