105
0,0
0,41247604186864250329669/2983874643198154032511365
0,231232669577544582248797/605259830890391887826235
0,4561992395037765945888185775275594564960489/8514116606392788864782316962287361335628160
0,57853095387697453841657849833184820040471281669045263547971/94110235196816562748285715302973361324258833052674858811045
0,88357458276716599722348554981341263578203677764613235741/136099122862371612103942641838704453110134986275699503275
0,16850006013991586243599548593859922280876080225460995811359982859092881/23887404516935502017537806259329750502067820298980031016140762977201428
0,103060259015757304807691585118369242241876674480653937715345079588962577432877238601922221/136293126860946017669920482403663059416773334089340801214956621577753095219322589773117675
0,4797235469/6059295090
0,1153036209478622455457879273791234959104849465280620904240251592634066512432435742542643587187/1338481418259255923156759721074503155811277915360900073596485187050265562568889504285410861845
0,103952459570243544130104787448048380136526830024401691118963468513406661569/120392623917804411313100539317254149813546707642374776271202107528873296140
0,378952048955315422794881223079004084180256544760302930957129/438379974571367220544114178075242938417631697667557255553615
0,1927041206528782540167840825668269452738001797026421670242399365677294713329/2226606448068311527543304526395513516084532757144976297708361724743421345740
0,13692203998582687244002597037480276957165812112698059517619791256218798321094706105859706781911/15779326868662998684972527789889866920517945848429579664186589988024182781571738971385052064785
0,1
39217645/1581965631,2886485201/160588848510
3151847151691928845563367566788154377779002501846033589242422132038710922500018896025/123970870868969732692735858150609754470500971903053221243180232069808383679179024731697,5481201954941743113489669610570253522696833736617180854261966425073109679371147692901495/8046429646417383312089635108818262096572034616520828586766915419077602330454800027355306
302931931677543345866334522667645051080727857546640116853086206/7370646791341000491301254925570372920047635132419699088203528537,0
1043561435040155720484965376204794981676066867865760073283399365902692230238516432762672641437/15617832976771643984342773191589397159678732814824507658038928743880710595992229229309465703046,1
6219201195013761307967011627669133005695169656844525639295055863111179517468106727530/89722593496337909544550886027172706224234530855266742276210731240456583014602175378427,567408580794455236540878961190422178677361148250442339171440424573855300049643833523871/766252302914649917631324754059391796557703749576925419472268519173070693891195291729585
124473869028015076146440434997717055852380559460861650/1744245005066990589146564761181524944643367208002314477,11008134191044986325241857552967012148993107987903887336/14896267482888891662835943793208447207785401783880227335
11854231449805932966436955096984079668959687400223251990336616053033459778728638035388636830/162097873165788821478575871467353832652258994038622520159947396217273040681661344591581806033,145887243578414521465357889782467581691376094421205749523707912951047183161718414378105029747/197764916713492252795137715963092995729838596216084042954318770405694703274171502791341856245
702373269019604267430908731384975299885512841663742162154260506779201312281751800484486151/6209576950955824940846446398905891991672923181652032798849654644144632130106398169785971033,322378172563790592882535679036245125470294506697865725423953726519656373780102081513306651135/403037614559400312719257732965597930155196641906911783082568026426178023130150478570199922234
585/4321,0
585/4321,50399547398093056733/1381103745983871341130
585/4321,229882694198408797/833203945745123130
585/4321,193278407593/317505800655
585/4321,1939873/2804580
585/4321,9095037513432840964480936330785730484721535278077100856136104581308123605133111651429689219381891/12490409645981223850535396106597087793954164865264910691487507876597776863295608662239840993331485
585/4321,33781212340468750084525012674189965925945120060454069418348744199262490221661/43226959985665274218861106459551345855109608741306005681518059498653173535060
585/4321,59670257437974173103559906957788351123785662921897002080423/71688470501427266399429369629641896759614080671828007428430
585/4321,88061519351411025441542319510680192951404180957924210429/101453361391198153331199763498089085493550497030214592815
585/4321,303127895027751269921688967659869981353338722250985111981035660022067638/318671674013114172506776308909332437837163179776288036371615370050003055
585/4321,1
978997948897154626526587747837402304895167584749791365884178728038947170065965361896811259/6209576950955824940846446398905891991672923181652032798849654644144632130106398169785971033,322378172563790592882535679036245125470294506697865725423953726519656373780102081513306651135/403037614559400312719257732965597930155196641906911783082568026426178023130150478570199922234
32037115831835566947919390567631514916354597030507678022886816850046720179045898685775610580/162097873165788821478575871467353832652258994038622520159947396217273040681661344591581806033,145887243578414521465357889782467581691376094421205749523707912951047183161718414378105029747/197764916713492252795137715963092995729838596216084042954318770405694703274171502791341856245
347816493371517205571097350371962227932099800030623640/1744245005066990589146564761181524944643367208002314477,11008134191044986325241857552967012148993107987903887336/14896267482888891662835943793208447207785401783880227335
18075044208993494921406868643516256089966575564322354356809215266565793897733130299260/89722593496337909544550886027172706224234530855266742276210731240456583014602175378427,567408580794455236540878961190422178677361148250442339171440424573855300049643833523871/766252302914649917631324754059391796557703749576925419472268519173070693891195291729585
3185289428839229482403496700666205869243654815389198028985877799184193073466854592067708027983/15617832976771643984342773191589397159678732814824507658038928743880710595992229229309465703046,1
1692822927352535472653098076942939609057141409968066648524865284/7370646791341000491301254925570372920047635132419699088203528537,0
30415826747103393360060551441824067962069675379795315370378237789663628560175162528665/123970870868969732692735858150609754470500971903053221243180232069808383679179024731697,5481201954941743113489669610570253522696833736617180854261966425073109679371147692901495/8046429646417383312089635108818262096572034616520828586766915419077602330454800027355306
389132225/1581965631,2886485201/160588848510
108995177382077280464743515944515686921608679708018339998079520808929566405135/400045920226527003335787724682574682512392596012392159740489884303903845237779,56110570292912753699433143103693669272146729490654403941782767350710805310057713/64913260064158360507722953997353350097234785172670377422181388551321606472863355
3512696865823565242329925331486812746386638006894947879192866337565610229177295203861730403353691100555/12833025503785039943972683847775401531134154714026325868050413656116190577450345011470701525293982461026,6612666623870390485021948581148280238778076192257953117956681986714463312054623652898153720518538832286123/8329379001945255109018030471139536131957469943962960657953443446348147597710180192610622560474195170225480
927090878246020867177966155143563366153903929280819983514817942604375102777517999494815018603231995395387647809/3287044807559529344425998347568575606627473280961623102194317164110569852966767814598186922707137956723693751573,1
212051074532694994464875617499242875301556657547177285644619830125830/713388810525572314865331870866492854919086474857892539641985708085019,3752440372497741780633698717890213532815375837515114122498622196132151/6092510232231237904313732379184729811109062064266764086131135206217745
5373144366915601859239692811870097069519704524951398572870915051406438512704692687552300217639946061609418442694539022340/17739485935510770034232684337394533937705847721066883082078502761077508363268377342872462064171044171721197367713611842533,123540067347995437639124718913418099434984074369708431475815663990513644669497415247509653470679183563819459549366400940609/151499431981555181617949980630001467712795120529938729321720505955196647966038641543359997247021361597357567429390861951215
59716593465244082494505143903413275004697141214514343613164666176405/184022275846320805793120809398505839383844379888739671295706009926686,99305830361383120846108969121369944626506357283368997571579462359214453/119441146584835548602469511599829092112738317738570124351425864688772280
2721377353412682078958162664725509077941277285758193627036817492555370305/7986702074837329619992168433839259767861059234809881605551915276885221211,1000455849407811847703280386865108059648936251641633096689973337086106222817/1295958395339462966074845854326366070339491408745839953326706233930036664195
3006810512/8509937277,0
345142051158564276783470356600115430233445135186318477600013403608059668906152229624339358047687127778890730929438153251870105772298201474563294003012033660/969292213668895765295182759746441521652986944269422150218193832238534170930073361115871768297453989285390610310739495687931700432863421769035579993454839867,7075580163836300080200499546175055789711390995760302399508382508196759794616083922704792285582126010358440395837885174124379101537047628742824899869301786591/8277986201450418657448822958652587007142395535143960261571219070937368802016666302629604635658392639587634434844802539666924957673053555539658847665755900785
256371164530040158676281520056285654759577707967846155070021163215970609955568559835956133984179658012647006808084925031009154/703952024996033614687131432180199437017212515636067234487892592117169423464164931421159011708191649292436773330429715852361593,1
53254473807232301973091579273986422878472080072286059428445330497609490336763883595763250421109707268607811942135148218138892303409636186/145850542852996585394086411330380635776306117338217736714885855593876945563518241882908179082973981463945674515806426393062344920867223479,1242222109161994169711310198365040792223956545542211750250338526029125708310215607448557926666545989636341644668750178442695469011367152691/1245598349171905758488370344002237918505440415122043813066646892414875345584391986564899148870653628345512003293403047946548652596760611045
9948371690305077705843066023910596268803049031337834474960422851462829694486526443747975206521151592367147596008575991374923791132950869563140867465975891/25345531843816089842712333856260705073040969452898903146473480874536171677222841630823190513965826668773026504982710242215398493216954767136275536442124677,1511016389933666577934627719693932779280512645164732878452406888477816548922713722872328131241430766871466472564066986612392726807776546827701546498598567865/1645072244816702829231061265600362143803500164503846465784230386278793250694414190719141486962700258243634683530303390213202089935348461023259792733044527346
913022207230972912943686974211484302073454495846608230804100518379549124607295395533985534094178389374050136533835440/2267260274817430182286823364574550913821295313563432767659461816546509571187238579194384149163143095867181923639375291,17217433342179357363415531484739698788506798438468053769113560878743774754685117158622351177721120597056940010146280398/19362942366982144546943260794341264820171160460278847097779429169204283283475759675626334964676694794720949948843832305
216435025487560137058238459548417777159979802213633396420768877492983530975863867781818061125160971680947867494095478585483637514561418105512438650505/506009939184573256457751878780983950029766404857332011948201818254230902537939300661286719917862737702350346482914616826357054307671440179206523117693,28601179998532768792805081467843769582828928784314902038724221415043010646139427183459911698373716961782637227110469711816563302933003953590267868103905/32842984384130304642357828377495301239863047066298917242992081819936378260584443504944029366980779377580600202246069800020006187692875901360773677514914
87774822244147865671224012977916431259366485490285/204881821609039329783252414688539215245686226536613,29980371287476531973190002482901568038052638368405103/66490101741295941162174734689560670249218546311045370
110966585/257462464,9986661214/87806491785
1799804476879642425548810553926121646969057108747233371834339975727481630496137449571599918654975/3846117236987031664115123966262901493122926757748520702865930223493658732312538883370966495797181,334301464757046949522093683711890873892934695425126191071890452130079884763164975584739389156208689/356621928803156982991503103557430762375862000404878043866953105637115925793272070007754329843715340
419563369751033745632652848720664320536226016744652295480829113618476287220777473074411393558724487095624809341128494369215330325362856739/883099600624904813929218820443241453444830739448486129124699091895570024427495512787092823154117081206283221317171446458411532908146048893,1
1441331703701271409908160168815559049093109975452139548834202563814563323334917744789933227816937130751188003937954830653671056547150/2911827803569577859292188131733127748134443038156436277723369514142365500679155940084812615204415769209720188380810684842227733052511,20429734582308519283738361983887200867671402518685104228519705190603424805885905666590193520245276429154358124851501067538281903638219/24867702473036110892378972309334143594510579470982527362627460967774867647275689004869315595652810564106131152416759127683696072925405
4530046407567588482102853288137025951656344194131641702037634242393933070486764747503596090763615298523194273080500/9138633845765103675914649896252128734181308843455778918167548573177382955666463554324290914543044122619054981589913,74761535514097075909197658498480735799251110476169615610034208434353075682765490022301321709592935331593288745111229/78046108086444093312332393835585071697920240064371089898519906994487827774403617447188211223976938468845385510991115
2528293945590741503577425/5067501121944225074763072,0
45079574858354460617250355575431463724123858962906081289183093465484597572358912365532606042387791324092352607491370227747648256025/89031692458654195538902873228538181483450228916144467590053070064148210516643313343046345013208195157349589169839572290281337766571,7972659892244097513770264853538844628015968136257680272582046117053475336610447386487012998383853169939363298240784514713787419551799/8255248587816721781482336106036751182757127748657402417221907602093060080363920512303399289091263264932043204084658566266976370329940
35700002733803003772082662525388528925794723520351577454092027114436054896525769179998839015835217482909311442688769845285588762541866637014412332583261448617/69978635473006239831487615101672027236805192720867845743596230852865080033583759430315167800745772802130009415923485977851232512820912919330520424769552011224,1
425694484954459246771548069378384716168104113253561454358221882440449132972691721192213306718266778074399360563673008388870750029192076074470250097100/825433322306700822467136688405710601514979154830594135128857118354731168637628411505049545932433609681285426718509952410422052387435190740750962999047,6856999661474146117833212155041273583057819036498133741445347035050915910151505618549086514505453818987412838306018438375560360858547997142316496225251/7049397030033639242484324454527119206070963830420552319454835311621676089044080592756403413961146460492635361168219595644348529472810226822785100329685
19245992093463478094498250697938058341180375921363551718632408641655744741879472700943266344662371188256849779335665189185539724898428813922706127619512596238442816575/36154186553078812016743642535266464053018655963930912430240499246992306311331045807561432972038044455838357590961176963461291866183509731698944557414298973649087892541,3301954882381502946300940747086826165888457685057491042904760511716669273766292711649316705955156063334662064026333571964524342241081887890776577442643258013773149650929/3352309601713683162162161040154647394909083946947510774080202974778645235383106570931683925173354670544356165320788762131261610806392294221847651893840533458417658665740
20471007776825697866095809097062277572419180125738334257983140719473809296449633947212026793822714819514190004768920930894242476070613515361788594790890023264884398022329320523/38078771455210813371294054316827175312633665129882631178468780786256167953366004417844927964228500551170545091534580926339650799265152370193734002220757343273537464264018239061,1
4948678652/8954291633,1
18029019068565597263851482792773996331954714626416/31743047643934972594880191347108013246443978098139,941649488029352489198646878410244307658181050/7346227179804437073566348379335342107485299259
670641702592200663191470458668417582559920480915/1112082273741473955280234186870282291373009473197,162663725938808542299441880997400335415948158881/703514614760468284113136938964984079460280092810
1117575687482232983691492171512428163827392914066151745546106462236486971680914560442380330857715594352/1842657765096647533873807763129060301107747055622469557497409592933559601951374731866850349209499265239,0
1697037069076485925010747901406839437919191574732349668315753727119830205451568123390340734831/2720594524636388172090812957846212158238964609748320833872745280763842596487187866290103737041,59778940267732508284699976075225142828673260675195263628545850445721465717948108182625787043/1721075907881929707196878431170571774626621825864244668533162978825622378505092394331482166930
2350291961741300758216171907052937462946273250582544259756531564204156557962928144326963156556336529833648316/3646593710261299025530603258613199594861796111959194255227724586519080602906130493134303761672335102661229739,0
556114218723238868803754835981085472004244705042886261960195797706873304032009513761142402732056791612721981075485/836262884706120419511998082278876927502685545185429573647084092695082309224946356603288662503383771180794823833697,189135169233064791886495002990942075411946016524377550159499770875761465696715903272965459433347555371336813031385257/271391594675895765581457947419311808995080053959286284848315101213928945013434396297437088299437636771376249366756530
122019888543809782026500757290121901781264048824900832493538308134856099860/180527985401437249192764257332456931114128203972835294109460815409248841723,23908481047001473271876039203837807108820277327728525498944283428414245694/171305773550213387475636724777220882330432255332022723633631893500012558185
1154945052218413270249756485785214014237157383094568857515517377474120993835064/1623612315184925763043276912657089215067612990416383046732705963892906929925759,90989525810053153177043326915583949623878958593918752526614098298412850050/375749205087925425374514444030800558914050680494418663904815080743556336479
4440474264196957552971347536798414306707756959771536951894023103392269700031417740661067/5891541265769540829586336821340796824461368966857218983114990341263167392086135939733779,0
99534159619304027792430714098376926751591554744627783319905100139544006405875/131604912592192693308446830792042921282868939186371157720055069951501582331328,3033975787352316215650486661594803080908911001439441440583852915616990340636101/8148545252512623273556248072738160900995862095180872958285765809002611881287440
1664852422526004985746893645560468909719043852818066589888635090355297401561740725129191964299218821151878027720223759360/2182419266942640767885427777419026524542755685613729306830946440508478992820712649262507802061789382549053853094342952123,15251293161801295632268462406787953150074062116674254692285350442849805256698466344327034305252557575860017701170860/505072730141782172618705803614678668026557668505838765755831159571506362606043195848763666295253270666293416592071963
1134523102133165326175392410838930063483845120432831911495650220017347040644960676710851809052485/1466760978657966512971375822186604322809057647878886571393651876545699329639772492127977611264573,2667141541606924495003383728129806571771313221417385638773811875587278986110814728990542401319741/158668846159243991473781578469031348903179314128217530679596088093903318133191126127141998341448590
348774328143802334067572747677895707778553673848938483798290106167124361937020742766407210143619781190094362396736810427942067591226333295954066/444615849174517366195538143750054869783743281992515631926842234674557518392476717175075467014118791344963858042181560255636806921895522090721341,0
71513246624784853395040992939020954717955657483994082773726607833361815080278923500602139505969417074468861792589347594430431066101084150850460271015/91125268947498273830593412278377428112889965952271364380975475605243785421367648054982350821671837711787495151027447794499690583064177951566224250532,385332382164476724107438896939751730248133543481470380556435159717149868077395638267532212109469951190157145909728246550863886307371817136724813600681/147863982171242020839970881860502063953279877754235838414485188250957310643982456828305022834670448165774689395202823151757661545620303285931266609903400
6735787296451896540840932782564879427317976837072380176920/8560434228447883404239542948499200008008609685423132617631,0
109903635423074896652823021795264272195849224845935893305240381688489826499641802417817773949120759408584679358115747857879/139154589829319528258647139193906402128013853342207751260724610429969449314219486974365299244560848033654190104737615653821,14675467230132043624922786333963088906143409155232472305723515906291083875438967046504096287221001751223921358956907580983/88030616050160073805120690701886569936157722137295175028252481967273413389722726080609415767528738604707565907092526076330
1817611383000632845963838432106060865112710271813248804850619835541221309725412658854200387930826693424094732666869553044295913158181948607717891963333115543154146979357094/2240286920178983849568109368760720817873419905866628287606549003146765819117748593335690855990742096125085413696161717084430205897599419048247906364224269378622373460432121,0
53429562015325567961180931778843017239945258475939055577712000241705283058752672463389232880357572189158751971808089734545061896501362951823087131322256975322020826638005479474393196850/65204082205214967620012979739561547405009468904796274113506923758192986894599951222793117588495498168023762511210645260069441822772425246170906947320596282646634718556893429402575615591,1
23686583524553412462522813102929829912295191652828973929377876688740055636080052096042479080413292067244070161178897298284958465347942841693765630136643375755708167521944621394435703861115878911569205/28715514465670393384514908557319320372370374715790671869647958057465180001858896787967555652130823705101433548813021592576697837150224898570121279814857798513054237044901815359938259204673552769366431,1
690242767548207834914506051574755062754665929584168493662815559620322536992274257417350833671411212623745552558687758563184351934135586160/834308153476337861036450967241733181908338357183699569958721021030148671936654925135305041453471513179105028011046052972752503314715078977,4117738296269854511068526549056766562910977336132191542721917715493293689234096037043783701328831927488229110273735462281365351009637817114/7125190200479505348133380594485986575099841623498033288818468559789809749022837275533117983043572809753633964662235652219644014380149624835
2827697251067140630187265703305439565379532630894706586103965746309335028181698559022260068649235561173033454281441798660698960860003138257006583493501807702940973654557625954545/3413360965090850978702230992036107940262754470007418503929062038963333235808897045342654014270924423222810953336767122868224958750728436980971901900199249332248422778763860755693,18710402577272311989267683112496436942905192963780638995374535806911192315665734526164098794886031643197266364526569633503192696758186114183823660004406504218523897088533399295637/18775165618980420488526084662693090517931967905054553810420078554547921515509428677893732609259370317766664071619544944974614230880951835121527456825477488128998077102494221359230
133027288394990646673419232242730067795153627113192581357333947559847459405968074005492810075852465607029548634619354430226871169331/152796096463938992685802824421925684865896296742785389818582225226650853779948031238459493090855244689753903170017397201070911853799,94394746280655905753219730934167216698705105793231622768980523278873730738046587762365173842450897377339981049147939009848453037/1060838438768379953847277188765973280716706526795547719175530376486814536773534121072387130924706628255639225896903937984755231570
49115846451432394479779445194293857630490197262127966691912941271452389933105023973939732105651927448464485631341009295232386425877342171391837762622027515035601837913215/55020609247115950508116211619575361609653509128262212958241422028504371108476901451765109999302276614105795498134634678237682205196886262602224511195562391740321788928164,90115193245565523408032439802120426332016363385499589139458637824181895556765697968879587245148182617319744760362218786872516829921384261222037031038478088797442322515127/117472274542226802759513335107635802250333468305751011902112637937659707428997421005121402363185893666784028991034021216680348389635594887246606855449556612007356729978555
177170650402515236013012764340006798254550563282653657801905363356618863162800236037461901688320273776703596144003622609571065105953482258/193381846886751672901763804810926083160837263678427680328864425682240777638828242063839256154643537758073359013859795044926366300234577041,0
1650954185347000763336113591908028008930227530894017687034671627618456684799873700065904834228355697982/1779013234637296694696554584509685531150830993566495213371317797038001599794533783098406064380888126761,0
179095578119631609805745901680253544162530345245063322568309000994487553692912557571362239942895448178194377444598757709326048896613492262251665744722529658147033637123261980761266824769293369635290980/187504334271138853855234889836448878106220422123904890599451793659738645700720514198214779625771594392754632076298741042452891063667028623837582532155559907791438870996139124075939381016801821413027217,1068239224620200459930000879011494688561890431480648073147031856737478553538120330196133660569774718670812864704272340511836418534036435941033433588600825644900360900123620560030915701060295135932772538/1126863007127445221753612133974276776121661805566829476367375760631176362980377355443332747569678011352892818938830010098919422843090323608737704788056691708438790808065588093893084739498105831765940395
31206454970678761640254676595258609129992395295893698821750819736307532164409937097904090856191/32068292932218778606548953671578244890080752456274957250072148188893105324248750000947691561236,1
1,0
1,128059049290295931360440992601657522220603462672477526336646169419544914994660083032501230152532428779/1034476111556350199715230777548744461561582628857347743132024547143854390723370102361218833925744782870
1,34577822297612568624417879200471080746299095204652870488297951355275125018890262107847455911473650217784813728532417/186790532599747263559901316805097375319069595176582275715303755758012884670254534699251469945036527472943773174142110
1,22199131254760723990744603768220608765308735044409809122342929198700010786890742536871487050363971912854896602798775869370491724389/102391970543488024267197852969278189161123334526219555832009205805046761864069827353316710911864718986155995784999277756951912096570
1,650688364556567545455516318637657096783977109219317588742864786780677458750770180737113177526917807/1639221668362567425792427768048743793384852856899178598290544485324610592650029501553779530158551535
1,392359246134999403651700943116645621401030226502515955156839370725095769887023186138825253597411575953/685608084254093287158210200564684458610637816348027950066534696653756237653518855995380574833399357390
1,3349764513809552097900468786931065978174819633608988889115331075263265247733134106426808017934055921835502462253994023798253363771137/4471423448129497720499259220350493863519547725813738013295655196869503766439082278739723835235062254411703110788206881815188259496685
1,7498024860852338221562950081804679587978356753923961725682574581968192513503966091210116112823983187731033378302436904628799152047254215334785345381360199543820174781/8026628686753271489790645108397244317525055162427043211885226304859905252698982061289154077789126693647756117994502943789142084110341044377894885856855278592901666530
1,1
92
4 23 39 41 24
3 39 49 41
3 25 24 41
3 49 62 57
5 49 57 26 25 41
4 79 80 90 84
4 76 75 79 84
4 98 99 84 90
5 99 100 78 76 84
4 101 102 91 88
4 103 104 95 94
4 102 103 94 91
4 100 101 88 78
5 85 92 90 80 82
3 83 85 82
5 92 93 97 98 90
3 93 96 97
3 70 75 76
5 48 56 70 76 78
5 65 63 74 88 91
4 95 87 89 94
3 87 86 89
5 66 65 91 94 89
4 86 68 66 89
4 63 61 60 74
4 61 58 55 60
3 58 54 55
4 48 78 88 74
3 48 74 60
3 48 60 55
4 54 50 48 55
3 50 47 48
3 45 56 48
3 40 45 48
4 37 36 40 48
3 43 37 48
3 46 43 48
3 47 46 48
5 73 77 80 79 72
4 79 75 69 72
3 71 73 72
5 62 71 72 69 57
4 77 81 82 80
3 81 83 82
3 75 70 69
5 70 56 26 57 69
3 56 45 26
3 45 40 26
4 40 36 35 26
3 35 27 26
4 38 33 32 42
4 64 59 63 65
4 67 64 65 66
3 68 67 66
5 59 51 52 61 63
4 52 53 58 61
3 53 54 58
3 44 38 42
4 51 44 42 52
3 42 53 52
4 42 50 54 53
3 42 47 50
3 32 31 42
4 31 30 34 42
4 34 36 37 42
3 37 43 42
3 43 46 42
3 46 47 42
3 30 29 34
5 29 28 35 36 34
3 28 27 35
4 17 23 24 15
4 0 17 15 1
3 24 25 15
5 25 26 2 1 15
3 6 5 16
5 20 19 7 6 16
3 19 8 7
3 26 3 2
3 26 4 3
4 26 16 5 4
4 26 21 20 16
3 26 27 21
5 32 33 18 13 12
3 18 14 13
4 31 32 12 11
5 30 31 11 10 22
5 10 9 19 20 22
3 9 8 19
3 29 30 22
5 28 29 22 20 21
3 27 28 21
395098211135715841968819909519635913562057771/2824384357681052098964414087523083670022657503,-273801540251178025643466459342622925355505665643282/660100990155427091309468038465457499939345398313645
585/4321,-85111421633403628093931/198924976213210268834091
585/4321,-257427002481714501/4316224396454313215
0,806484436200928363327610230733398827/60715804907635288455186280742837511040
46683299709860734254363975222996682665/671860753896760342771878089185001373887,34032365204060345286318878505761659105855526243606181/671118208051234500340769136932969366709160252534603105
126073886067677153822534702671526175111160100073841343569696885281548436900000755841/3098012460001538681407575943603375446029388725628426900027888167447431920859029772711,2458293337624327858444925526667245392605566613318455290812215521483740522056411023931/77450311500038467035189398590084386150734718140710672500697204186185798021475744317775
0,60021152824176595877869706422060002779855425409956058022976366689/851728405570014120386575040089059698852156839846965713801737264660
1429882207651244720739117728583530276734822510129941509128855655255384876287989471/38877301231826802635666084020755495487174075002842721894888110612712946742634573383,25431017457747964794991299365952713787291510912655018524345998506063194983066709/241114495359878458420156809853358319816261938742512539660680418089264120209839825
4210016143257185262145266153855796901686898927261398348463356398083232396260868432354040687529629615/1407438222758091752979317963973046359120296021180333008386240330024259940059621877966969801390754881101,265790356405879780987821993385155914219186671958705724685817324341641517385643027598613220088230035775/2814876445516183505958635927946092718240592042360666016772480660048519880119243755933939602781509762202
43146344045763961475627639647226518806436437167091267320961304777191319570890141767325/24816918664998433991596426379662610480780170862933773979354209802043018652911400003865593,140470719863269482680738302328672993332197088495328122123207524793494774740288556220161/855755816034428758330911254471124499337247271135647378598421027656655815617634482891917
0,368594649471350436283293808019752415418502394160000496545209330341173/2232211754960040144435611765218754961635763214956780824972904888254716
43146344045763961475627639647226518806436437167091267320961304777191319570890141767325/49894025577615962917554865022895694237312648660794475354076472412412505580428357941817863,284931609178839481699014786663344882067368207612410985759458689094566843023793242856831/1720483640607446997157064311134334284045263746923947426002636979738362261394081308338547
0,524187664475766950173090362648621712464778373899992858290384286793791/3175671862550986639772521413395964481076714170599485552501068573181612
43146344045763961475627639647226518806436437167091267320961304777191319570890141767325/22505083639850528328623220289511965314618154373816513936755720982142328308084260704112633,127153005629028492919698467593622037225065558729728257218597804119053418877683667936001/776037366891397528573214492741791907400626012890224618508817964901459596830491748417677
37055602882760202290574795121523685581318014278482786206937571854695230532408454695028233237031715514174574599/3295249364070402092445659570603114595648827885627320165767080412141621953342005686674824567499353087296452209827,1577219378510180438410814983321026746601699744162957881468717992078971961855561753626126569969685675514657285507/49428740461056031386684893559046718934732418284409802486506206182124329300130085300122368512490296309446783147405
40490/366111,-873403/2061342
0,127172365323477463581464512346471147880537614787/3595255059884397081424433151197540594933753453930
172334549720070958939494341105114922855696694711527755298715/1705773383786392152580711623598790307810144673089492961861497,-252475334894730225294629395082181218454209601533770600082/628987948494207878480559363651561115493305393356336056145
281552459138581541176414840899426503566433603314689561080809415960952055031481645652675865/3614402447760158293067061604163248590529676652354665044674595867595628464705445320367846726,17416268869069733635978675416912986226195414667917377500955907641726171517455838213532969/475579269442126091193034421600427446122325875309824347983499456262582692724400700048400885
1520279439135604539251316840494215765615577952559344501279744113922549088938648525/20764312311117313016558872026654178714240807881339213671883992418527327705300202587,48588610237686240570868267847056578896563417944089354242850834040899145838581693/1092858542690384895608361685613377827065305677965221772204420653606701458173694873
2368657687837276787282449992135468133668499465578909894946940473468070434495671401955/32212831526007898899501337971176082873125622592638824358512737553069302353532932988013,71096985017123072787212177660054180978700463173161134777172232839834138941656922410/1695412185579363099973754630061899098585559083823096018869091450161542229133312262527
2754031594973533547754876562144045183649860637858448657093631006732276884500703521674875/37513972035591025567825936465483414175482294385240111122413190515453145263055159590738673,12447130003013265199207863551016712401739742839695026819391052760747549649378645040689/282059940117225756149067191469800106582573641994286549792580379815437182428986162336381
0,127172365323477463581464512346471147880537614787/3595255059884397081424433151197540594933753453930
24350626467973629908594588392093186434339194112604995809570901928105334168/173639017561584148332019310300731596744818652936196081397301082937817252941,-2466428534919599193601955901192736562134516420300219419399329871750485985202/7813755790271286674940868963532921853516839382128823662878548732201776382345
27220785877773405035696359904630964693520/156960336701275409892799796719843260789859,-1558006830942764614378206902591635555970851480165/4709434489257659970364547459186649360187192059102
0,-985011324459/5941737769970
0,75651/452839
3727192615172950808721791204402233359266769401505410540020475640525227972068791549050388722299737884000/508179379572485970053769313102966186174492958990061621254042598859983536709337114116651144105286467074849,171650135695898777082151478128204191282878894226461673847277622069958820370542796272168856270771027118599/2032717518289943880215077252411864744697971835960246485016170395439934146837348456466604576421145868299396
732572404262959923702797165530316018850862929670347342786905847790785651277187136765516750/17814303241100234403062699023165091092362014797602365689675470660987066674219467673933125093,1749362773243082656905349299434194264274524541391018506848216217263384764147331866015130617/17814303241100234403062699023165091092362014797602365689675470660987066674219467673933125093
0,3961424979493266976879002709374596470569862994323660779483645644496957/61651954995992660888776367883321347018248163705518838017126356885741428
160046678938642883068548377952110046869737759249044899172597906306263514107968966334370/4079595999242069198767469547661307359335711725182245637513633432715299923496716253111583,260041053105143184309942586921922017405306603435707664192903494832797945056575567689267/8159191998484138397534939095322614718671423450364491275027266865430599846993432506223166
811794594131684798659167720321600715484516182931103105931815671993855050077274713300/11546870071190919444007143027747209960035327160563405543641858924418538667074371196903,569672716123049626741302451930519248057863387564939632850953301369101735764341150595/11546870071190919444007143027747209960035327160563405543641858924418538667074371196903
0,2181711568693081236325069721546532970727682177740842582930029930/454501813480969232479410548330705400219873463800338070401436749959
1181327202887580596466637934959146692770658771923022253684057962123091692/28669465334990299204672280434040950579448671679192992397819705701726930089,-339284408738543487508764142853697455822117651105179140436092119508660413/15927480741661277335929044685578305877471484266218329109899836500959405605
0,127172365323477463581464512346471147880537614787/3595255059884397081424433151197540594933753453930
2754031594973533547754876562144045183649860637858448657093631006732276884500703521674875/37513972035591025567825936465483414175482294385240111122413190515453145263055159590738673,12447130003013265199207863551016712401739742839695026819391052760747549649378645040689/282059940117225756149067191469800106582573641994286549792580379815437182428986162336381
2368657687837276787282449992135468133668499465578909894946940473468070434495671401955/32212831526007898899501337971176082873125622592638824358512737553069302353532932988013,71096985017123072787212177660054180978700463173161134777172232839834138941656922410/1695412185579363099973754630061899098585559083823096018869091450161542229133312262527
1520279439135604539251316840494215765615577952559344501279744113922549088938648525/20764312311117313016558872026654178714240807881339213671883992418527327705300202587,48588610237686240570868267847056578896563417944089354242850834040899145838581693/1092858542690384895608361685613377827065305677965221772204420653606701458173694873
281552459138581541176414840899426503566433603314689561080809415960952055031481645652675865/3614402447760158293067061604163248590529676652354665044674595867595628464705445320367846726,17416268869069733635978675416912986226195414667917377500955907641726171517455838213532969/475579269442126091193034421600427446122325875309824347983499456262582692724400700048400885
172334549720070958939494341105114922855696694711527755298715/1705773383786392152580711623598790307810144673089492961861497,-252475334894730225294629395082181218454209601533770600082/628987948494207878480559363651561115493305393356336056145
0,127172365323477463581464512346471147880537614787/3595255059884397081424433151197540594933753453930
40490/366111,-873403/2061342
0,75651/452839
0,14373379666949816273591566582982072741620193238994237208410796421/148867228414887754203851320477716040059525255945808054539454928776
