50
0,0
0,1/8
0,25/64
0,21/32
0,83/120
0,39/40
0,1
1/68,93/136
1/24,1
1/15,0
1/8,5/8
11/60,1
5/24,0
4/17,77/136
203/792,1
107/408,15/17
13/40,1
11/24,1
7/15,1
373/792,1
913/1920,1
2789/5736,1
1/2,0
1/2,1/8
1/2,17/40
1/2,1241/1288
1/2,12121/12200
1/2,1
2947/5736,1
1007/1920,1
419/792,1
8/15,1
13/24,1
27/40,1
301/408,15/17
589/792,1
13/17,77/136
19/24,0
49/60,1
7/8,5/8
14/15,0
23/24,1
67/68,93/136
1,0
1,1/8
1,25/64
1,21/32
1,83/120
1,39/40
1,1
36
4 22 37 44 23
3 40 43 44
3 37 40 44
3 44 24 23
5 38 35 34 39 42
3 35 33 34
5 47 48 41 38 42
3 48 49 41
4 45 46 42 39
3 46 47 42
5 39 34 32 31 36
3 34 33 32
4 31 30 24 36
4 29 28 26 25
3 28 27 26
4 30 29 25 24
4 44 45 39 36
3 44 36 24
4 12 22 23 1
3 0 9 1
3 9 12 1
3 23 24 1
5 14 11 7 10 15
3 16 14 15
5 11 8 5 4 7
3 8 6 5
4 3 2 10 7
3 4 3 7
5 18 17 15 10 13
3 17 16 15
4 24 19 18 13
4 25 26 21 20
3 26 27 21
4 24 25 20 19
4 13 10 2 1
3 24 13 1
-53/136,-16/17
-1/2,-1
-17/64,-7/8
-1/32,-1
0,-59/60
-1/4,-17/20
-1/4,-7/8
0,-1
-7/24,-7/8
-43/120,-1
0,-7/8
-43/120,-1
-7/24,-7/8
0,-1
-311/792,-247/264
-7/24,-7/8
-241/680,-135/136
-199/408,-135/136
-59/120,-1
-391/792,-263/264
-943/1920,-1
-2783/5736,-1895/1912
0,-7/8
0,-1
0,-7/10
-72/161,-1
-144/305,-2999/3050
-18531/39304,-9725/9826
-2783/5736,-1895/1912
-943/1920,-1
-391/792,-263/264
-59/120,-1
-199/408,-135/136
-241/680,-135/136
-7/24,-7/8
-311/792,-247/264
0,-1
-7/24,-7/8
-43/120,-1
0,-7/8
-43/120,-1
-7/24,-7/8
0,-1
-53/136,-16/17
-1/2,-1
-17/64,-7/8
-1/32,-1
0,-59/60
-1/4,-17/20
-1/4,-7/8
